01,02,03,04,05,06,07,08,09,10,11,12,13,14,15,16,17,18,19,20,21,22,23,24,25,26,27,28,29,30,31,32,33:

hqdm_0_0_hqdm_0_1_0_01,04,05,06,07,08,09,11,12,13,14,15,17,18,19,21,23,25,26,27,28,29,31,32-2,3,4,5,6
hqdm_0_0_hqdm_0_1_0_01,05,06,07,08,09,11,12,13,14,15,16,17,18,19,21,23,25,26,27,28,29,31,32-2,3,4,5,6
hqdm_0_0_hqdm_0_1_0_01,05,06,07,08,09,11,12,14,15,16,17,18,19,21,23,25,26,27,28,29,31,32-2,3,4,5,6
hqdm_0_0_hqdm_0_1_0_01,02,05,06,07,08,09,11,14,15,16,17,18,19,20,21,23,24,25,27,28,31,32-2,3,4,5,6
hqdm_0_0_hqdm_0_1_0_01,02,07,08,09,11,12,14,15,16,17,18,19,20,21,23,24,25,26,27,28,31,32-2,3,4,5,6
hqdm_0_0_hqdm_0_1_0_01,02,07,08,09,11,12,14,15,16,17,18,19,20,21,23,24,25,26,27,28,31-2,3,4,5,6
hqdm_0_0_hqdm_0_1_0_01,02,03,07,08,09,11,12,14,15,17,18,19,20,21,23,24,25,26,27,28,29,31-2,3,4,5,6
hqdm_0_0_hqdm_0_1_0_01,02,03,04,05,07,08,09,10,11,13,14,16,17,18,19,22,23,25,27,28,29,31,32-2,3,4,5,6
hqdm_0_0_hqdm_0_1_0_02,03,04,05,06,07,08,09,10,11,12,14,16,17,18,20,21,24,25,26,27,29,30,33-2,3,4,5,6
hqdm_0_0_hqdm_0_1_0_01,02,03,04,05,06,07,09,10,11,12,13,14,15,16,18,21,24,26,27,29,30,31,33-2,3,4,5,6
hqdm_0_0_hqdm_0_1_0_01,02,03,04,05,06,07,09,10,11,12,13,14,15,16,18,21,24,26,27,29,31,33-2,3,4,5,6
hqdm_0_0_hqdm_0_1_0_01,02,03,05,07,08,09,11,12,13,14,16,17,18,19,20,21,22,24,26,28,29,30,32-2,3,4,5,6
hqdm_0_0_hqdm_0_1_0_01,02,03,04,05,07,08,09,11,12,13,14,16,17,18,20,21,22,24,26,28,29,30,32-2,3,4,5,6
hqdm_0_0_hqdm_0_1_0_01,02,03,04,05,07,08,09,12,13,14,16,17,18,19,20,21,22,24,26,28,29,30,32-2,3,4,5,6
hqdm_0_0_hqdm_0_1_0_01,02,03,04,05,06,09,11,12,14,15,17,18,19,20,22,23,26,27,28,29,31,32,33-2,3,4,5,6
hqdm_0_0_hqdm_0_1_0_01,02,03,05,06,08,09,11,12,13,14,15,16,23,24,25,26,27,28,29,30,31,32,33-2,3,4,5,6
hqdm_0_0_hqdm_0_1_0_01,02,03,05,06,08,09,11,12,13,14,16,17,23,24,25,26,27,28,29,30,31,32,33-2,3,4,5,6
hqdm_0_0_hqdm_0_1_0_01,02,03,04,06,08,09,12,13,14,16,17,19,20,22,23,24,25,26,27,28,29,30,33-2,3,4,5,6
hqdm_0_0_hqdm_0_1_0_01,02,03,04,07,08,09,12,13,14,16,17,19,20,22,23,24,25,27,28,29,30,33-2,3,4,5,6
hqdm_0_0_hqdm_0_1_0_02,03,04,07,08,09,12,13,14,16,17,19,20,22,23,24,25,26,27,28,29,30,32,33-2,3,4,5,6
hqdm_0_0_hqdm_0_1_0_02,03,04,07,08,09,13,14,16,17,19,20,21,22,23,24,25,26,27,28,29,30,32,33-2,3,4,5,6
hqdm_0_0_hqdm_0_1_0_01,02,03,04,06,07,09,10,11,12,13,14,17,18,19,20,21,22,23,25,26,30,31,33-2,3,4,5,6
hqdm_0_0_hqdm_0_1_0_01,02,03,04,06,07,09,10,11,12,13,14,15,17,18,19,20,21,22,23,26,30,31,33-2,3,4,5,6
hqdm_0_0_hqdm_0_1_0_01,02,04,05,07,08,09,10,11,12,15,16,18,21,22,24,25,26,27,28,30,31,32-2,3,4,5,6
hqdm_0_0_hqdm_0_1_0_01,02,03,04,05,07,08,09,10,11,12,16,18,21,22,24,25,26,27,28,30,31,32-2,3,4,5,6
hqdm_0_0_hqdm_0_1_0_01,02,03,04,05,07,08,09,10,11,12,14,16,18,21,22,24,25,27,28,29,30,31,32-2,3,4,5,6
hqdm_0_0_hqdm_0_1_0_01,02,04,05,06,08,10,11,12,13,14,16,17,18,20,21,22,23,24,25,26,27,29,31-2,3,4,5,6
hqdm_0_0_hqdm_0_1_0_02,03,04,06,07,08,09,11,12,13,14,16,19,20,21,23,24,25,26,27,29,30,31-2,3,4,5,6
hqdm_0_0_hqdm_0_1_0_01,02,03,04,05,06,08,10,11,12,13,15,16,18,20,21,22,23,25,26,27,30,31,33-2,3,4,5,6
hqdm_0_0_hqdm_0_1_0_01,03,06,07,08,09,10,11,12,13,14,15,16,17,18,19,20,24,27,29,30,31,32,33-2,3,4,5,6
hqdm_0_0_hqdm_0_1_0_02,03,04,05,06,07,10,12,14,15,16,17,19,21,22,23,24,25,26,27,28,30,32,33-2,3,4,5,6
hqdm_0_0_hqdm_0_1_0_01,02,04,05,06,07,08,10,11,14,15,16,17,18,19,20,21,23,24,26,27,30,31,32-2,3,4,5,6
hqdm_0_0_hqdm_0_1_0_01,02,04,05,06,07,08,10,11,14,15,17,18,19,20,23,24,26,27,28,30,31,32,33-2,3,4,5,6
hqdm_0_0_hqdm_0_1_0_01,02,04,05,06,07,08,09,10,11,13,14,16,17,18,19,20,22,23,25,27,28,31,33-2,3,4,5,6
hqdm_0_0_hqdm_0_1_0_01,02,04,05,06,07,08,09,10,11,13,14,16,17,18,19,22,23,25,27,28,31,33-2,3,4,5,6
hqdm_0_0_hqdm_0_1_0_02,04,05,06,07,08,09,10,11,13,14,15,16,17,18,19,22,23,25,26,27,28,31,33-2,3,4,5,6
hqdm_0_0_hqdm_0_1_0_01,02,04,05,06,07,08,09,10,11,13,15,16,17,18,21,22,23,25,27,28,29,30,32-2,3,4,5,6
hqdm_0_0_hqdm_0_1_0_01,02,03,04,06,07,09,11,12,13,14,16,17,18,19,20,22,23,24,25,29,31-2,3,4,5,6
hqdm_0_0_hqdm_0_1_0_01,02,03,04,07,09,12,13,14,16,17,18,19,20,22,23,24,25,27,29,31-2,3,4,5,6
hqdm_0_0_hqdm_0_1_0_01,02,03,04,06,07,09,12,13,14,16,17,19,20,22,23,24,25,26,27,28,29,30,31-2,3,4,5,6
hqdm_0_0_hqdm_0_1_0_01,02,03,04,06,07,09,12,14,16,17,19,20,22,23,24,25,26,27,28,29,30,32-2,3,4,5,6
hqdm_0_0_hqdm_0_1_0_01,02,06,08,09,10,12,14,16,19,20,21,22,23,25,26,27,28,29,30,32,33-2,3,4,5,6
hqdm_0_0_hqdm_0_1_0_01,02,03,06,08,09,10,12,14,16,20,21,22,23,24,25,26,27,28,29,30,32,33-2,3,4,5,6
hqdm_0_0_hqdm_0_1_0_01,02,03,06,08,09,10,12,14,16,18,20,21,22,23,24,25,26,27,28,29,30,32,33-2,3,4,5,6
hqdm_0_0_hqdm_0_1_0_02,03,04,05,08,10,12,13,14,15,16,18,19,21,23,24,25,26,28,29,30,31,32,33-2,3,4,5,6
hqdm_0_0_hqdm_0_1_0_02,03,04,06,07,08,09,10,11,12,15,17,20,21,22,23,25,27,28,30,31,32,33-2,3,4,5,6
hqdm_0_0_hqdm_0_1_0_01,02,03,04,06,07,09,10,11,12,15,17,20,21,22,23,25,27,28,30,31,33-2,3,4,5,6
hqdm_0_0_hqdm_0_1_0_01,02,04,05,06,07,08,11,12,14,16,17,18,19,23,24,26,27,28,29,30,31,32,33-2,3,4,5,6
hqdm_0_0_hqdm_0_1_0_01,04,05,06,07,08,09,11,12,14,15,16,17,18,19,21,23,26,27,28,29,31,32,33-2,3,4,5,6
hqdm_0_0_hqdm_0_1_0_01,02,03,09,11,12,13,14,15,17,18,20,21,23,24,25,26,27,28,29,30,31,32,33-2,3,4,5,6
hqdm_0_0_hqdm_0_1_0_01,02,03,04,06,07,08,09,11,12,13,14,15,18,19,20,24,25,26,27,28,29,32,33-2,3,4,5,6
hqdm_0_0_hqdm_0_1_0_01,02,04,05,06,09,10,11,12,13,15,16,17,19,20,21,24,26,27,28,29,30,32,33-2,3,4,5,6
hqdm_0_0_hqdm_0_1_0_01,02,03,06,07,08,09,12,13,14,15,16,18,19,20,21,23,24,26,27,28,30,32,33-2,3,4,5,6
hqdm_0_0_hqdm_0_1_0_02,03,04,05,06,07,08,09,12,13,14,15,16,18,20,21,23,24,25,26,27,28,32,33-2,3,4,5,6
hqdm_0_0_hqdm_0_1_0_01,02,04,06,07,08,09,10,11,12,13,14,15,19,20,23,25,26,27,28,29,30,32,33-2,3,4,5,6
hqdm_0_0_hqdm_0_1_0_01,02,03,04,07,08,09,10,11,12,13,14,15,16,17,18,19,25,26,27,30,31,32,33-2,3,4,5,6
hqdm_0_0_hqdm_0_1_0_01,02,03,04,06,07,08,10,11,12,14,15,16,17,18,19,25,26,30,31,32,33-2,3,4,5,6
hqdm_0_0_hqdm_0_1_0_01,03,04,05,06,07,08,10,11,12,13,14,15,16,17,18,19,24,25,26,30,31,32,33-2,3,4,5,6
hqdm_0_0_hqdm_0_1_0_01,03,04,05,06,07,08,09,10,11,12,13,15,16,18,20,21,22,24,25,26,29,30,33-2,3,4,5,6
hqdm_0_0_hqdm_0_1_0_01,02,04,05,07,08,09,10,11,12,13,14,16,17,18,19,22,23,24,26,27,28,30,33-2,3,4,5,6
hqdm_0_0_hqdm_0_1_0_01,02,03,05,07,10,11,12,13,14,15,17,20,21,22,23,24,25,26,27,29,30,31,32-2,3,4,5,6
hqdm_0_0_hqdm_0_1_0_01,02,03,05,07,10,11,12,13,14,15,17,20,21,22,24,26,27,29,30,31,32,33-2,3,4,5,6
hqdm_0_0_hqdm_0_1_0_01,02,03,04,05,07,10,11,12,13,15,17,20,21,22,24,26,27,29,30,31,32,33-2,3,4,5,6
hqdm_0_0_hqdm_0_1_0_02,03,04,06,07,08,09,10,11,12,13,14,16,17,18,22,23,24,25,27,28,29,30-2,3,4,5,6
hqdm_0_0_hqdm_0_1_0_02,03,04,06,07,08,09,10,11,12,13,14,15,16,17,18,22,23,24,25,27,28,29,30-2,3,4,5,6
hqdm_0_0_hqdm_0_1_0_01,02,03,04,06,07,09,10,11,12,13,14,18,20,21,22,23,24,27,28,29,31,32,33-2,3,4,5,6
hqdm_0_0_hqdm_0_1_0_01,02,03,04,05,06,07,08,09,11,12,13,14,15,16,17,20,22,24,25,27,28,29,30-2,3,4,5,6
hqdm_0_0_hqdm_0_1_0_01,02,03,04,06,07,08,09,11,12,13,14,15,16,17,20,22,23,24,25,27,28,29,30-2,3,4,5,6
hqdm_0_0_hqdm_0_1_0_01,02,03,07,08,09,10,12,13,14,15,16,19,20,22,23,24,25,27,28,29,30,31,33-2,3,4,5,6
hqdm_0_0_hqdm_0_1_0_01,02,03,04,05,06,07,08,09,10,12,13,14,15,17,18,21,22,25,27,28,30,31,33-2,3,4,5,6
hqdm_0_0_hqdm_0_1_0_01,03,04,05,06,07,09,10,12,14,15,17,18,19,21,22,25,27,30,31,33-2,3,4,5,6
hqdm_0_0_hqdm_0_1_0_01,03,04,05,06,07,09,10,12,14,15,17,18,19,21,22,23,24,25,27,30,31,33-2,3,4,5,6
hqdm_0_0_hqdm_0_1_0_01,03,04,05,06,07,08,09,10,11,14,16,17,18,19,20,22,23,25,27,28,31,32,33-2,3,4,5,6
hqdm_0_0_hqdm_0_1_0_01,02,03,04,05,07,08,11,12,14,15,16,17,18,19,21,22,24,26,27,28,29,30,32-2,3,4,5,6
hqdm_0_0_hqdm_0_1_0_01,02,03,05,06,07,11,13,14,15,17,18,22,23,24,25,26,27,28,29,30,31,32,33-2,3,4,5,6
hqdm_0_0_hqdm_0_1_0_01,02,03,04,05,06,09,13,14,15,17,18,22,23,24,25,26,27,28,29,30,31,32,33-2,3,4,5,6
hqdm_0_0_hqdm_0_1_0_01,02,03,04,05,06,09,12,13,14,15,17,18,22,24,25,26,27,28,29,30,31,32,33-2,3,4,5,6
hqdm_0_0_hqdm_0_1_0_01,02,03,04,05,06,07,09,12,13,14,15,17,18,22,24,25,26,27,28,29,30,32,33-2,3,4,5,6
hqdm_0_0_hqdm_0_1_0_01,02,03,04,06,08,09,10,11,12,14,16,17,18,19,21,22,25,26,28,30,31,32,33-2,3,4,5,6
hqdm_0_0_hqdm_0_1_0_02,04,06,07,08,10,11,12,13,14,16,17,18,20,21,22,23,24,25,26,28,29,30,31-2,3,4,5,6
hqdm_0_0_hqdm_0_1_0_01,04,05,07,08,10,11,12,13,14,15,16,18,21,22,23,24,27,28,29,30,31,32,33-2,3,4,5,6
hqdm_0_0_hqdm_0_1_0_01,04,05,07,08,10,11,12,13,14,15,18,21,22,23,24,27,28,29,30,31,32,33-2,3,4,5,6
hqdm_0_0_hqdm_0_1_0_01,03,04,06,07,11,12,13,14,15,16,17,18,19,20,21,22,23,26,27,29,30,32,33-2,3,4,5,6
hqdm_0_0_hqdm_0_1_0_01,02,04,05,06,07,09,10,12,13,14,15,17,18,19,20,22,23,24,25,26,28,30,33-2,3,4,5,6
hqdm_0_0_hqdm_0_1_0_01,02,04,05,06,07,09,10,12,13,14,15,17,18,19,20,22,23,24,26,27,28,30,33-2,3,4,5,6
hqdm_0_0_hqdm_0_1_0_01,02,04,05,06,07,09,10,12,13,14,15,17,18,19,20,22,24,26,27,28,30,33-2,3,4,5,6
hqdm_0_0_hqdm_0_1_0_01,02,04,05,06,07,08,09,10,12,14,15,17,18,19,20,21,23,24,26,27,28,30,33-2,3,4,5,6
hqdm_0_0_hqdm_0_1_0_01,02,04,05,06,07,08,09,10,12,14,15,17,19,20,21,23,24,25,26,27,28,29,30-2,3,4,5,6
hqdm_0_0_hqdm_0_1_0_02,03,04,05,06,07,08,10,11,12,13,16,18,19,20,21,22,23,24,25,27,29,30,32-2,3,4,5,6
hqdm_0_0_hqdm_0_1_0_01,02,04,05,06,07,08,10,11,12,13,16,18,19,20,21,22,23,24,25,27,29,30,32-2,3,4,5,6
hqdm_0_0_hqdm_0_1_0_01,02,04,05,06,07,08,10,11,12,13,16,18,19,20,21,22,23,25,26,27,29,30,32-2,3,4,5,6
hqdm_0_0_hqdm_0_1_0_01,02,04,05,06,07,08,09,10,11,12,13,16,18,20,21,22,23,25,26,27,29,30,32-2,3,4,5,6
hqdm_0_0_hqdm_0_1_0_02,04,05,06,07,09,11,15,16,17,18,19,20,21,24,25,26,27,29,30,31,32,33-2,3,4,5,6
hqdm_0_0_hqdm_0_1_0_02,04,05,06,07,09,11,14,15,16,17,18,19,21,24,25,26,27,29,30,31,33-2,3,4,5,6
hqdm_0_0_hqdm_0_1_0_02,03,06,08,09,10,11,12,14,15,19,20,21,22,23,24,25,26,27,29,30,31,32,33-2,3,4,5,6
hqdm_0_0_hqdm_0_1_0_02,03,06,07,08,09,10,11,14,15,19,20,21,22,23,24,25,26,27,29,30,31,32,33-2,3,4,5,6
hqdm_0_0_hqdm_0_1_0_01,02,03,05,06,07,08,11,12,13,14,15,16,18,19,22,23,24,26,29,30,31,32,33-2,3,4,5,6
hqdm_0_0_hqdm_0_1_0_01,02,04,05,06,07,08,09,10,11,12,13,14,16,18,19,21,24,26,27,28,29,31,33-2,3,4,5,6
hqdm_0_0_hqdm_0_1_0_01,02,04,05,06,07,08,09,10,11,12,13,14,16,17,18,19,21,24,26,27,28,29,33-2,3,4,5,6
hqdm_0_0_hqdm_0_1_0_01,02,03,04,06,07,09,11,12,14,16,17,18,19,20,22,23,24,25,26,27,28,29,33-2,3,4,5,6
hqdm_0_0_hqdm_0_1_0_01,02,03,04,07,09,12,14,16,17,18,19,20,22,23,24,25,26,27,28,29-2,3,4,5,6
hqdm_0_0_hqdm_0_1_0_01,02,03,04,07,09,12,14,16,17,18,19,20,22,23,24,25,26,27,29,32-2,3,4,5,6
hqdm_0_0_hqdm_0_1_0_01,02,03,04,06,07,08,09,12,14,16,17,18,19,20,21,22,23,24,25,26,27,29,32-2,3,4,5,6
hqdm_0_0_hqdm_0_1_0_01,02,03,04,06,07,08,09,10,12,14,16,18,19,20,21,22,23,25,26,27,28,29,32-2,3,4,5,6
hqdm_0_0_hqdm_0_1_0_01,02,03,04,06,08,09,10,12,14,16,18,19,20,21,22,23,25,26,27,28,29,32-2,3,4,5,6
hqdm_0_0_hqdm_0_1_0_02,04,06,08,09,10,12,13,14,16,18,19,20,21,22,23,25,26,27,28,29,31,32-2,3,4,5,6
hqdm_0_0_hqdm_0_1_0_03,04,05,06,08,09,10,11,12,13,14,15,16,19,21,24,26,28,29,30,31,32,33-2,3,4,5,6
hqdm_0_0_hqdm_0_1_0_03,04,05,06,08,09,10,11,12,13,14,15,16,19,20,21,24,26,28,29,30,31,32,33-2,3,4,5,6
hqdm_0_0_hqdm_0_1_0_01,02,04,05,06,07,08,09,12,14,15,16,18,19,21,22,23,25,26,27,28,29,31,32-2,3,4,5,6
hqdm_0_0_hqdm_0_1_0_01,03,04,05,06,08,09,10,11,12,13,14,15,16,17,18,21,24,25,26,27,29,30,33-2,3,4,5,6
hqdm_0_0_hqdm_0_1_0_01,03,04,05,06,08,09,10,11,12,13,14,15,16,17,18,21,24,25,26,29,30,33-2,3,4,5,6
hqdm_0_0_hqdm_0_1_0_01,03,04,05,06,07,08,09,10,11,12,13,14,15,16,18,21,23,24,25,26,29,30,33-2,3,4,5,6
hqdm_0_0_hqdm_0_1_0_01,03,04,05,06,07,09,10,11,12,13,14,15,16,18,21,23,24,25,26,29,30,33-2,3,4,5,6
hqdm_0_0_hqdm_0_1_0_01,02,03,04,07,08,10,11,12,14,15,17,18,19,21,22,24,26,28,29,30,31,32,33-2,3,4,5,6
hqdm_0_0_hqdm_0_1_0_01,02,03,04,07,08,09,10,11,12,14,15,17,18,21,22,24,26,28,29,30,31,32,33-2,3,4,5,6
hqdm_0_0_hqdm_0_1_0_01,03,04,05,06,07,08,09,10,11,12,13,14,16,18,19,20,23,24,25,26,27,30,33-2,3,4,5,6
hqdm_0_0_hqdm_0_1_0_02,03,04,05,06,07,08,10,11,12,13,15,16,17,18,21,23,25,26,27,30,31,32,33-2,3,4,5,6
hqdm_0_0_hqdm_0_1_0_01,03,05,06,07,08,09,10,11,12,13,14,15,16,19,21,25,26,27,28,29,31,32,33-2,3,4,5,6
hqdm_0_0_hqdm_0_1_0_01,03,05,06,08,09,10,11,12,13,14,15,16,20,21,25,26,27,28,29,30,31,32,33-2,3,4,5,6
hqdm_0_0_hqdm_0_1_0_01,03,05,06,08,09,10,11,13,14,15,19,20,21,25,26,27,28,29,30,31,32,33-2,3,4,5,6
hqdm_0_0_hqdm_0_1_0_01,03,05,06,08,09,10,11,13,14,15,17,18,19,20,23,25,27,28,29,30,31,32,33-2,3,4,5,6
hqdm_0_0_hqdm_0_1_0_02,03,06,08,10,11,12,13,15,16,17,18,19,20,21,23,24,25,26,27,28,30,32,33-2,3,4,5,6
hqdm_0_0_hqdm_0_1_0_02,03,06,08,10,11,12,13,15,16,17,18,19,20,21,23,25,26,27,28,30,32,33-2,3,4,5,6
hqdm_0_0_hqdm_0_1_0_02,03,04,05,06,07,08,09,11,12,13,14,15,18,19,20,21,25,26,27,28,30,32,33-2,3,4,5,6
hqdm_0_0_hqdm_0_1_0_02,03,04,05,07,08,09,10,11,12,13,14,15,17,18,20,22,23,24,26,27,28,32,33-2,3,4,5,6
hqdm_0_0_hqdm_0_1_0_02,03,04,05,06,07,08,09,10,11,12,13,14,15,17,18,20,22,23,24,26,27,28,33-2,3,4,5,6
hqdm_0_0_hqdm_0_1_0_01,02,03,04,05,06,07,08,09,10,11,12,13,14,15,16,17,18,20,24,25,27,29,30-2,3,4,5,6
hqdm_0_0_hqdm_0_1_0_01,02,03,04,06,07,08,09,10,11,12,13,14,15,16,17,18,22,24,25,27,29,30-2,3,4,5,6
hqdm_0_0_hqdm_0_1_0_01,02,03,04,06,07,08,09,10,11,12,13,15,16,17,18,20,22,25,26,27,29,30,33-2,3,4,5,6
hqdm_0_0_hqdm_0_1_0_01,02,03,04,06,07,09,10,11,13,15,16,17,18,20,22,25,26,27,29,30,33-2,3,4,5,6
hqdm_0_0_hqdm_0_1_0_01,02,03,04,06,07,10,11,13,15,16,17,18,20,22,23,25,26,27,29,30,33-2,3,4,5,6
hqdm_0_0_hqdm_0_1_0_01,02,04,06,07,09,11,12,14,15,18,19,20,21,22,23,24,25,26,27,30,31,32,33-2,3,4,5,6
hqdm_0_0_hqdm_0_1_0_01,02,04,06,07,09,10,11,12,14,15,18,19,20,21,22,23,24,25,26,27,31,32,33-2,3,4,5,6
hqdm_0_0_hqdm_0_1_0_01,03,04,06,07,08,10,11,12,13,14,15,17,18,20,22,23,24,25,26,27,30,31,33-2,3,4,5,6
hqdm_0_0_hqdm_0_1_0_01,02,03,05,06,07,10,12,13,14,15,16,17,18,19,20,21,23,25,26,27,30,32,33-2,3,4,5,6
hqdm_0_0_hqdm_0_1_0_01,02,03,05,06,07,10,11,12,13,14,15,16,17,18,20,21,23,26,27,30,32,33-2,3,4,5,6
hqdm_0_0_hqdm_0_1_0_03,04,05,06,07,08,09,11,12,14,16,17,18,19,20,21,23,24,26,27,28,29,31,32-2,3,4,5,6
hqdm_0_0_hqdm_0_1_0_03,04,05,06,07,08,09,11,12,14,16,17,18,20,21,24,25,26,27,28,29,30,31,33-2,3,4,5,6
hqdm_0_0_hqdm_0_1_0_02,03,05,06,07,09,11,12,13,15,16,17,18,20,23,24,25,26,28,29,30,32,33-2,3,4,5,6
hqdm_0_0_hqdm_0_1_0_01,03,05,07,08,09,10,11,12,13,14,15,16,18,19,20,21,22,26,27,30,31,32,33-2,3,4,5,6
hqdm_0_0_hqdm_0_1_0_01,02,04,05,06,07,09,11,12,13,14,15,16,18,19,20,21,22,24,27,28,30,32,33-2,3,4,5,6
hqdm_0_0_hqdm_0_1_0_02,05,06,07,08,09,11,12,13,14,15,16,18,20,21,22,25,26,27,28,29,30,32,33-2,3,4,5,6
hqdm_0_0_hqdm_0_1_0_02,04,06,07,08,09,10,11,12,13,14,15,17,18,19,20,24,25,27,28,29,30,32,33-2,3,4,5,6
hqdm_0_0_hqdm_0_1_0_02,04,06,07,08,09,10,11,13,14,17,18,19,20,22,24,25,26,27,28,29,30,32,33-2,3,4,5,6
hqdm_0_0_hqdm_0_1_0_01,02,04,06,07,08,09,13,14,15,16,18,19,21,22,23,24,25,27,28,29,30,32,33-2,3,4,5,6
hqdm_0_0_hqdm_0_1_0_02,04,06,07,08,09,10,11,14,15,16,18,19,21,22,23,25,26,27,28,30,31,32,33-2,3,4,5,6
hqdm_0_0_hqdm_0_1_0_01,03,04,05,06,07,08,09,11,12,13,14,15,16,17,19,20,21,24,25,26,27,29,32-2,3,4,5,6
hqdm_0_0_hqdm_0_1_0_01,03,04,05,06,07,08,09,11,12,13,14,15,16,17,19,21,24,25,26,27,29,32-2,3,4,5,6
hqdm_0_0_hqdm_0_1_0_01,02,03,04,05,06,10,12,13,14,15,17,20,21,22,23,24,25,26,28,29,30,32,33-2,3,4,5,6
hqdm_0_0_hqdm_0_1_0_01,02,03,04,05,08,10,11,12,13,15,16,18,20,21,23,24,25,26,28,29,30,32,33-2,3,4,5,6
hqdm_0_0_hqdm_0_1_0_02,03,04,05,06,07,08,09,10,11,14,15,16,17,18,20,21,22,26,29,30,31,33-2,3,4,5,6
hqdm_0_0_hqdm_0_1_0_01,02,05,06,07,08,10,12,13,15,16,17,18,19,21,22,23,25,26,27,28,29,32,33-2,3,4,5,6
hqdm_0_0_hqdm_0_1_0_01,02,05,06,07,08,10,12,13,15,16,17,18,19,21,22,23,24,25,26,27,28,32,33-2,3,4,5,6
hqdm_0_0_hqdm_0_1_0_01,04,05,06,07,08,09,10,12,13,15,16,17,18,19,21,22,23,24,26,27,28,32,33-2,3,4,5,6
hqdm_0_0_hqdm_0_1_0_02,03,04,05,06,07,09,10,11,12,13,14,15,16,17,18,19,23,25,26,27,28,29,33-2,3,4,5,6
hqdm_0_0_hqdm_0_1_0_02,03,04,05,06,07,09,10,11,12,13,14,15,16,17,18,23,25,26,27,28,29,33-2,3,4,5,6
hqdm_0_0_hqdm_0_1_0_02,03,04,05,06,07,08,09,10,11,12,13,15,16,17,18,23,26,27,28,29,31,33-2,3,4,5,6
hqdm_0_0_hqdm_0_1_0_02,03,04,05,06,07,08,09,10,11,12,13,15,16,18,22,23,26,27,28,29,31,32,33-2,3,4,5,6
hqdm_0_0_hqdm_0_1_0_01,02,03,04,06,08,11,12,13,14,16,17,18,20,23,25,26,27,28,29,30,31,32,33-2,3,4,5,6
hqdm_0_0_hqdm_0_1_0_02,04,06,07,08,09,10,11,12,13,14,15,16,20,21,23,24,25,26,27,30,31,32,33-2,3,4,5,6
hqdm_0_0_hqdm_0_1_0_01,02,03,04,06,10,11,12,13,14,15,16,18,19,20,22,23,24,26,27,28,29,31,32-2,3,4,5,6
hqdm_0_0_hqdm_0_1_0_02,03,04,06,07,10,11,12,13,14,15,16,18,19,20,22,23,24,26,27,28,29,31,32-2,3,4,5,6
hqdm_0_0_hqdm_0_1_0_02,03,04,05,06,07,08,09,10,12,15,17,18,20,21,22,24,25,26,27,28,30,31,33-2,3,4,5,6
hqdm_0_0_hqdm_0_1_0_02,03,04,05,06,07,08,09,10,11,12,15,17,18,20,21,22,25,26,27,28,30,31,33-2,3,4,5,6
hqdm_0_0_hqdm_0_1_0_02,03,04,05,06,08,09,10,11,12,15,16,17,20,21,22,25,26,27,28,30,31,32,33-2,3,4,5,6
hqdm_0_0_hqdm_0_1_0_02,03,04,06,08,09,10,11,12,13,15,16,17,20,21,22,25,26,27,28,30,31,32,33-2,3,4,5,6
hqdm_0_0_hqdm_0_1_0_01,02,03,04,06,08,09,10,11,12,13,15,16,17,21,22,25,26,28,30,31,32,33-2,3,4,5,6
hqdm_0_0_hqdm_0_1_0_01,02,03,04,05,06,08,09,10,11,12,13,14,15,16,17,22,25,26,28,30,31,32,33-2,3,4,5,6
hqdm_0_0_hqdm_0_1_0_01,03,04,05,06,08,09,10,11,12,13,14,15,16,19,20,24,25,26,27,28,30,32,33-2,3,4,5,6
hqdm_0_0_hqdm_0_1_0_02,04,05,06,07,09,10,12,13,15,18,19,20,21,22,23,24,25,26,27,30,32,33-2,3,4,5,6
hqdm_0_0_hqdm_0_1_0_01,03,04,05,07,08,09,14,15,16,17,18,19,20,21,22,23,25,27,29,30,31,32,33-2,3,4,5,6
hqdm_0_0_hqdm_0_1_0_02,03,04,06,07,08,10,11,12,14,15,16,17,19,20,23,24,26,28,30,31,32,33-2,3,4,5,6
hqdm_0_0_hqdm_0_1_0_02,03,04,06,07,08,10,11,12,14,15,16,17,19,20,23,24,26,27,28,30,31,32,33-2,3,4,5,6
hqdm_0_0_hqdm_0_1_0_02,03,04,06,07,08,10,11,12,14,15,16,17,19,20,21,23,24,26,27,28,31,32,33-2,3,4,5,6
hqdm_0_0_hqdm_0_1_0_02,03,04,06,07,08,11,12,14,15,16,17,19,20,21,23,24,26,27,31,32,33-2,3,4,5,6
hqdm_0_0_hqdm_0_1_0_02,03,04,06,07,08,09,11,12,14,15,16,17,19,20,21,22,23,24,26,27,31,32,33-2,3,4,5,6
hqdm_0_0_hqdm_0_1_0_01,02,04,05,08,09,10,11,12,13,14,15,16,17,18,22,23,24,25,26,27,28,31,32-2,3,4,5,6
hqdm_0_0_hqdm_0_1_0_02,03,04,05,06,08,09,13,14,15,18,19,21,22,23,24,25,26,27,28,29,30,31,33-2,3,4,5,6
hqdm_0_0_hqdm_0_1_0_01,02,03,04,05,06,07,08,11,12,15,16,17,18,20,21,23,24,26,27,28,31,32,33-2,3,4,5,6
hqdm_0_0_hqdm_0_1_0_01,03,04,06,07,08,09,12,13,14,15,16,18,19,20,22,23,24,25,27,28,30,31,33-2,3,4,5,6
hqdm_0_0_hqdm_0_1_0_01,03,04,06,07,08,09,12,13,14,15,16,18,19,20,21,22,23,24,25,27,30,31,33-2,3,4,5,6
hqdm_0_0_hqdm_0_1_0_03,04,06,07,08,09,10,12,13,14,15,16,18,19,21,22,23,24,25,26,27,30,31,33-2,3,4,5,6
hqdm_0_0_hqdm_0_1_0_01,02,03,04,06,07,08,09,10,12,13,14,15,16,18,19,20,21,24,25,26,27,30,33-2,3,4,5,6
hqdm_0_0_hqdm_0_1_0_01,02,05,06,07,08,09,10,11,12,13,14,15,16,17,18,19,20,21,22,24,29,31,33-2,3,4,5,6
hqdm_0_0_hqdm_0_1_0_01,02,05,06,07,08,09,10,11,12,13,14,15,16,17,18,20,21,22,24,26,31,33-2,3,4,5,6
hqdm_0_0_hqdm_0_1_0_03,04,05,06,07,08,09,10,11,12,14,15,16,17,19,20,21,22,23,25,26,27,31,33-2,3,4,5,6
hqdm_0_0_hqdm_0_1_0_03,04,05,06,07,08,09,10,11,13,14,15,16,17,19,20,21,22,23,25,27,28,31,33-2,3,4,5,6
hqdm_0_0_hqdm_0_1_0_02,03,04,05,06,07,08,09,10,11,13,15,16,17,19,20,21,22,23,25,27,28,31,33-2,3,4,5,6
hqdm_0_0_hqdm_0_1_0_02,04,05,06,07,08,09,10,14,16,17,18,19,20,22,23,24,25,26,27,28,29,30,32-2,3,4,5,6
hqdm_0_0_hqdm_0_1_0_01,02,03,04,05,06,07,09,13,14,15,17,18,22,24,25,26,27,28,29,30,31,32,33-2,3,4,5,6
hqdm_0_0_hqdm_0_1_0_01,02,04,05,06,09,10,13,14,15,16,17,18,19,22,24,25,26,27,28,29,31,32,33-2,3,4,5,6
hqdm_0_0_hqdm_0_1_0_01,02,03,04,05,06,07,08,10,11,12,13,16,18,20,21,22,23,24,25,26,28,30,31-2,3,4,5,6
hqdm_0_0_hqdm_0_1_0_01,02,06,07,08,09,12,13,14,15,16,17,18,19,21,22,23,25,26,27,28,30,32-2,3,4,5,6
hqdm_0_0_hqdm_0_1_0_01,02,03,06,07,08,09,11,12,13,14,15,16,17,18,19,21,22,23,25,27,28,30,32-2,3,4,5,6
hqdm_0_0_hqdm_0_1_0_01,03,04,05,06,07,08,09,10,11,12,13,14,15,16,17,19,22,23,28,29,30,31,33-2,3,4,5,6
hqdm_0_0_hqdm_0_1_0_01,04,05,06,07,08,09,10,11,12,13,14,15,16,17,19,22,23,28,29,30,31,33-2,3,4,5,6
hqdm_0_0_hqdm_0_1_0_01,02,03,08,10,11,12,13,14,15,16,17,18,19,20,21,24,26,28,29,30,31,32,33-2,3,4,5,6
hqdm_0_0_hqdm_0_1_0_01,02,04,07,08,09,10,11,12,13,14,15,16,17,18,21,22,23,25,26,27,29,30,31-2,3,4,5,6
hqdm_0_0_hqdm_0_1_0_01,02,03,04,07,08,09,10,11,12,13,14,15,16,17,21,22,23,25,26,27,29,30,31-2,3,4,5,6
hqdm_0_0_hqdm_0_1_0_01,02,05,06,07,08,10,11,12,14,15,17,18,19,20,21,22,23,26,28,29,30,31,32-2,3,4,5,6
hqdm_0_0_hqdm_0_1_0_01,02,04,05,06,07,08,10,11,12,14,15,17,18,19,20,21,22,23,26,28,30,31,32-2,3,4,5,6
hqdm_0_0_hqdm_0_1_0_01,02,03,06,07,08,10,12,14,15,18,19,20,21,22,23,25,26,27,28,29,30,31,33-2,3,4,5,6
hqdm_0_0_hqdm_0_1_0_01,03,05,06,07,08,09,10,11,14,16,17,18,19,20,21,22,23,26,27,29,30,31,33-2,3,4,5,6
hqdm_0_0_hqdm_0_1_0_01,02,03,05,06,07,09,10,14,16,17,18,19,20,21,22,23,24,26,27,28,30,31,33-2,3,4,5,6
hqdm_0_0_hqdm_0_1_0_03,04,06,07,08,09,11,12,13,14,15,18,19,20,21,22,23,24,25,26,27,29,32,33-2,3,4,5,6
hqdm_0_0_hqdm_0_1_0_03,04,06,08,09,10,11,12,13,14,15,16,18,20,21,22,23,24,25,26,28,32,33-2,3,4,5,6
hqdm_0_0_hqdm_0_1_0_03,04,06,07,08,09,10,11,12,13,14,15,16,18,20,21,22,23,24,25,26,28,32,33-2,3,4,5,6
hqdm_0_0_hqdm_0_1_0_01,02,03,04,05,06,07,09,10,11,12,14,15,16,17,18,22,23,24,25,26,28,30,32-2,3,4,5,6
hqdm_0_0_hqdm_0_1_0_01,02,03,04,05,06,07,09,10,11,12,14,15,16,17,18,19,22,23,24,25,28,30,32-2,3,4,5,6
hqdm_0_0_hqdm_0_1_0_01,02,03,04,05,07,08,09,10,11,12,14,15,17,18,19,20,21,23,24,25,28,30,32-2,3,4,5,6
hqdm_0_0_hqdm_0_1_0_01,02,03,04,05,07,08,09,10,11,13,14,15,17,18,19,20,21,23,24,25,28,30,32-2,3,4,5,6
hqdm_0_0_hqdm_0_1_0_01,03,04,05,07,08,09,10,11,13,14,15,17,18,19,20,21,23,24,25,27,28,30,32-2,3,4,5,6
hqdm_0_0_hqdm_0_1_0_01,03,04,05,07,08,09,10,11,12,13,14,15,18,19,20,21,24,25,27,28,30,32-2,3,4,5,6
hqdm_0_0_hqdm_0_1_0_01,02,04,05,08,09,10,12,13,14,16,20,21,22,24,25,26,27,28,29,30,31,32,33-2,3,4,5,6
hqdm_0_0_hqdm_0_1_0_01,02,03,05,08,09,10,12,13,14,15,16,20,21,22,24,25,26,27,28,29,31,32,33-2,3,4,5,6
hqdm_0_0_hqdm_0_1_0_01,02,03,05,08,09,10,12,13,14,15,16,19,20,21,22,24,25,26,27,29,31,32,33-2,3,4,5,6
hqdm_0_0_hqdm_0_1_0_01,02,03,04,05,06,08,09,10,11,12,15,16,18,19,21,23,28,29,30,31,32,33-2,3,4,5,6
hqdm_0_0_hqdm_0_1_0_01,02,03,04,05,06,08,09,10,11,12,15,16,18,19,23,25,27,28,29,30,31,32,33-2,3,4,5,6
hqdm_0_0_hqdm_0_1_0_01,02,03,05,06,08,09,10,14,15,16,17,18,20,22,23,25,26,28,30,31,32,33-2,3,4,5,6
hqdm_0_0_hqdm_0_1_0_01,02,03,06,07,10,11,12,13,14,15,16,17,18,21,23,26,27,28,29,30,31,32,33-2,3,4,5,6
hqdm_0_0_hqdm_0_1_0_01,02,04,07,08,09,10,12,13,14,15,16,18,19,20,21,23,24,25,29,30,31,32,33-2,3,4,5,6
hqdm_0_0_hqdm_0_1_0_01,02,03,05,06,07,08,09,10,12,14,16,18,19,20,21,22,23,26,27,28,29,31,33-2,3,4,5,6
hqdm_0_0_hqdm_0_1_0_02,03,04,07,08,09,10,11,12,14,15,16,17,18,19,20,21,23,24,25,27,28,31,32-2,3,4,5,6
hqdm_0_0_hqdm_0_1_0_02,03,07,08,09,10,11,12,13,14,15,16,17,18,19,20,21,23,24,25,27,28,31,32-2,3,4,5,6
hqdm_0_0_hqdm_0_1_0_01,02,03,05,06,07,08,09,10,11,13,14,15,16,22,23,24,26,27,28,29,30,31-2,3,4,5,6
hqdm_0_0_hqdm_0_1_0_01,02,03,05,06,07,08,09,10,11,13,14,15,16,19,22,23,24,26,27,28,29,30,31-2,3,4,5,6
hqdm_0_0_hqdm_0_1_0_01,02,03,04,05,08,09,10,12,13,14,15,18,20,21,22,24,25,26,28,29,31,32,33-2,3,4,5,6
hqdm_0_0_hqdm_0_1_0_01,02,03,07,10,11,12,13,14,15,16,17,18,19,20,21,22,24,25,30,31,32,33-2,3,4,5,6
hqdm_0_0_hqdm_0_1_0_01,03,04,07,10,11,12,13,14,15,16,17,18,19,21,22,23,24,25,26,30,31,32,33-2,3,4,5,6
hqdm_0_0_hqdm_0_1_0_01,03,04,05,06,09,10,14,15,16,17,18,19,20,21,22,23,24,25,27,29,30,31,32-2,3,4,5,6
hqdm_0_0_hqdm_0_1_0_01,02,03,04,06,07,08,10,12,14,16,17,18,19,20,21,22,24,25,26,27,28,32,33-2,3,4,5,6
hqdm_0_0_hqdm_0_1_0_01,02,03,04,06,07,08,10,14,15,16,17,18,19,20,21,22,24,25,26,27,28,32,33-2,3,4,5,6
hqdm_0_0_hqdm_0_1_0_01,02,03,04,05,06,07,09,10,11,12,14,15,16,18,19,20,21,22,26,27,28,31,33-2,3,4,5,6
hqdm_0_0_hqdm_0_1_0_03,05,07,08,09,10,11,12,13,14,15,16,17,19,20,23,24,25,26,27,28,29,31,33-2,3,4,5,6
hqdm_0_0_hqdm_0_1_0_03,07,08,09,10,11,12,13,14,15,17,19,20,23,24,25,26,27,28,29,31,33-2,3,4,5,6
hqdm_0_0_hqdm_0_1_0_03,07,08,09,10,11,12,13,14,15,17,18,19,20,23,24,25,26,27,28,29,31,33-2,3,4,5,6
hqdm_0_0_hqdm_0_1_0_01,02,03,04,06,08,09,10,12,13,17,18,20,21,23,24,26,27,28,30,31,32,33-2,3,4,5,6
hqdm_0_0_hqdm_0_1_0_01,02,03,04,05,07,08,09,10,11,12,13,15,16,18,19,20,25,26,27,29,30,32,33-2,3,4,5,6
hqdm_0_0_hqdm_0_1_0_01,03,04,05,06,07,08,11,12,13,14,16,18,20,21,23,24,25,26,27,28,29,30,32-2,3,4,5,6
hqdm_0_0_hqdm_0_1_0_02,03,04,06,07,08,09,10,11,12,13,14,15,16,17,19,22,24,25,26,27,30,32,33-2,3,4,5,6
hqdm_0_0_hqdm_0_1_0_01,02,04,06,07,08,09,10,11,12,13,14,16,18,19,24,25,26,27,28,31,33-2,3,4,5,6
hqdm_0_0_hqdm_0_1_0_01,02,04,06,07,08,09,10,11,12,14,15,16,18,19,21,23,25,26,27,28,30,31,33-2,3,4,5,6
hqdm_0_0_hqdm_0_1_0_04,05,06,08,09,10,11,12,13,14,15,16,17,18,19,21,22,23,24,25,26,27,31,33-2,3,4,5,6
hqdm_0_0_hqdm_0_1_0_02,03,05,06,07,08,11,14,15,16,17,18,19,20,21,23,25,26,27,28,29,30,31,33-2,3,4,5,6
hqdm_0_0_hqdm_0_1_0_01,03,04,05,06,07,10,12,13,14,15,16,18,20,22,23,24,25,27,28,29,30,31,32-2,3,4,5,6
hqdm_0_0_hqdm_0_1_0_01,02,03,04,05,06,07,09,11,12,14,16,17,19,20,22,23,24,25,26,28,29,32,33-2,3,4,5,6
hqdm_0_0_hqdm_0_1_0_03,04,05,06,08,09,10,11,12,13,14,15,16,19,20,21,22,24,26,27,28,29,31,32-2,3,4,5,6
hqdm_0_0_hqdm_0_1_0_02,04,05,06,07,08,09,10,11,13,14,15,16,17,18,19,20,23,24,28,29,31,32,33-2,3,4,5,6
hqdm_0_0_hqdm_0_1_0_02,04,05,06,07,08,09,10,11,13,14,15,16,17,18,20,23,24,28,29,31,32,33-2,3,4,5,6
hqdm_0_0_hqdm_0_1_0_02,04,05,06,07,08,09,10,11,12,13,14,15,16,17,18,20,23,24,28,29,31,32,33-2,3,4,5,6
hqdm_0_0_hqdm_0_1_0_02,04,05,06,07,08,09,10,12,13,14,15,16,17,18,20,21,23,24,28,29,31,32,33-2,3,4,5,6
hqdm_0_0_hqdm_0_1_0_01,02,04,05,06,07,12,13,14,15,16,17,18,20,21,22,23,24,25,27,29,31,32,33-2,3,4,5,6
hqdm_0_0_hqdm_0_1_0_01,02,03,04,06,07,09,10,11,12,13,14,15,17,19,20,21,22,23,24,26,27,28,33-2,3,4,5,6
hqdm_0_0_hqdm_0_1_0_01,03,04,05,06,07,08,09,11,12,13,14,19,20,21,23,25,27,28,30,31,32,33-2,3,4,5,6
hqdm_0_0_hqdm_0_1_0_01,03,04,05,06,07,08,09,10,11,12,13,14,19,20,21,23,25,27,28,30,31,32,33-2,3,4,5,6
hqdm_0_0_hqdm_0_1_0_01,03,04,06,07,08,09,11,13,14,15,17,19,20,21,25,26,27,28,29,30,32,33-2,3,4,5,6
hqdm_0_0_hqdm_0_1_0_01,02,03,04,08,09,11,13,14,15,16,17,18,20,21,23,24,25,27,29,30,31,32,33-2,3,4,5,6
hqdm_0_0_hqdm_0_1_0_01,02,03,04,08,09,11,13,14,15,17,18,20,21,23,24,25,27,29,30,31,32,33-2,3,4,5,6
hqdm_0_0_hqdm_0_1_0_01,02,03,04,05,08,09,11,12,13,14,15,17,18,20,23,24,25,27,29,30,31,32,33-2,3,4,5,6
hqdm_0_0_hqdm_0_1_0_01,02,03,04,05,08,09,11,12,13,14,15,16,17,18,20,23,24,27,29,30,31,32,33-2,3,4,5,6
hqdm_0_0_hqdm_0_1_0_01,02,04,05,06,07,08,09,10,11,14,15,16,17,19,21,22,23,27,29,30,31,32,33-2,3,4,5,6
hqdm_0_0_hqdm_0_1_0_01,02,05,06,07,08,10,11,15,16,17,19,21,22,23,24,25,26,27,29,30,31,32,33-2,3,4,5,6
hqdm_0_0_hqdm_0_1_0_02,03,04,06,07,08,09,10,11,12,13,14,15,16,18,19,20,21,25,26,27,30,32,33-2,3,4,5,6
hqdm_0_0_hqdm_0_1_0_01,02,03,04,06,07,09,10,11,13,14,15,16,17,18,20,22,23,24,27,29,30,31,32-2,3,4,5,6
hqdm_0_0_hqdm_0_1_0_02,04,05,06,07,08,09,10,11,13,14,15,18,19,20,24,25,26,28,29,31,32,33-2,3,4,5,6
hqdm_0_0_hqdm_0_1_0_04,05,07,08,09,10,11,12,13,14,15,16,17,20,21,22,23,24,26,29,30,32,33-2,3,4,5,6
hqdm_0_0_hqdm_0_1_0_01,02,04,05,07,10,11,12,13,14,15,16,17,18,20,21,22,23,27,28,29,30,32,33-2,3,4,5,6
hqdm_0_0_hqdm_0_1_0_01,02,04,05,07,09,10,11,12,13,14,15,16,17,18,20,21,22,23,27,28,30,32,33-2,3,4,5,6
hqdm_0_0_hqdm_0_1_0_02,03,04,05,06,07,09,11,12,14,15,17,19,20,23,24,26,27,28,29,30,31,32,33-2,3,4,5,6
hqdm_0_0_hqdm_0_1_0_02,03,04,05,06,07,09,11,12,14,15,17,18,19,20,23,24,26,27,28,29,30,32,33-2,3,4,5,6
hqdm_0_0_hqdm_0_1_0_02,03,04,05,06,07,09,11,12,14,15,16,17,18,19,20,23,24,27,28,29,30,32,33-2,3,4,5,6
hqdm_0_0_hqdm_0_1_0_01,04,05,06,07,08,09,10,11,12,14,17,18,20,21,22,24,25,26,27,29,31,32,33-2,3,4,5,6
hqdm_0_0_hqdm_0_1_0_01,02,03,04,07,08,09,10,11,12,14,15,16,18,19,22,23,24,25,27,28,30,32,33-2,3,4,5,6
hqdm_0_0_hqdm_0_1_0_01,02,03,04,05,07,08,09,10,12,14,15,16,18,19,22,23,24,25,27,28,30,33-2,3,4,5,6
hqdm_0_0_hqdm_0_1_0_01,02,03,04,05,07,08,09,10,13,14,15,16,19,22,23,24,25,27,28,30,33-2,3,4,5,6
hqdm_0_0_hqdm_0_1_0_01,02,03,04,05,07,08,09,10,13,14,15,16,17,19,22,23,24,25,26,27,28,30,33-2,3,4,5,6
hqdm_0_0_hqdm_0_1_0_01,02,04,05,06,08,10,11,13,14,15,16,18,20,21,23,24,25,26,27,30,31,32,33-2,3,4,5,6
hqdm_0_0_hqdm_0_1_0_01,02,04,05,06,08,10,11,13,14,15,16,18,20,21,22,23,24,25,26,27,31,32,33-2,3,4,5,6
hqdm_0_0_hqdm_0_1_0_02,03,04,05,06,07,08,11,13,14,15,18,20,21,22,23,24,26,28,29,30,31,32,33-2,3,4,5,6
hqdm_0_0_hqdm_0_1_0_01,02,03,05,06,08,09,10,12,13,14,16,17,19,20,22,23,24,26,27,29,30,31,32-2,3,4,5,6
hqdm_0_0_hqdm_0_1_0_01,02,03,05,07,08,11,13,14,15,16,17,18,19,20,22,23,26,28,29,30,31,33-2,3,4,5,6
hqdm_0_0_hqdm_0_1_0_01,02,03,05,07,08,11,13,14,15,16,17,18,19,20,22,23,26,28,29,30,31,32,33-2,3,4,5,6
hqdm_0_0_hqdm_0_1_0_01,02,03,05,07,08,11,13,14,15,16,17,18,19,20,22,23,25,26,28,29,31,32,33-2,3,4,5,6
hqdm_0_0_hqdm_0_1_0_01,02,03,05,07,10,11,13,14,15,16,17,18,19,20,22,23,25,28,29,30,31,32-2,3,4,5,6
hqdm_0_0_hqdm_0_1_0_01,02,03,05,07,10,11,13,14,15,16,17,18,19,20,22,23,24,25,28,29,30,31,32-2,3,4,5,6
hqdm_0_0_hqdm_0_1_0_01,02,03,07,09,10,11,13,14,15,16,17,18,20,21,22,23,24,25,28,29,30,31,32-2,3,4,5,6
hqdm_0_0_hqdm_0_1_0_01,02,03,04,05,06,07,08,09,12,13,14,18,19,21,22,23,24,25,26,27,29,31,32-2,3,4,5,6
hqdm_0_0_hqdm_0_1_0_02,03,04,05,06,07,08,09,12,13,14,16,18,19,21,22,23,24,25,27,29,30,31,32-2,3,4,5,6
hqdm_0_0_hqdm_0_1_0_02,03,04,05,06,09,10,11,13,14,15,17,21,22,23,25,26,27,28,29,30,31,32,33-2,3,4,5,6
hqdm_0_0_hqdm_0_1_0_01,02,03,05,06,08,09,10,12,13,14,16,17,18,22,24,25,26,27,28,29,31,32,33-2,3,4,5,6
hqdm_0_0_hqdm_0_1_0_01,02,03,05,06,07,08,09,10,11,12,13,15,16,19,20,21,22,23,24,27,28,30,31-2,3,4,5,6
hqdm_0_0_hqdm_0_1_0_02,03,05,06,07,08,10,11,12,13,14,15,16,19,20,21,22,23,24,27,28,29,30,31-2,3,4,5,6
hqdm_0_0_hqdm_0_1_0_03,04,05,06,07,08,09,10,11,13,14,15,16,18,19,21,22,24,25,26,27,28,29,33-2,3,4,5,6
hqdm_0_0_hqdm_0_1_0_01,02,03,04,06,07,08,09,10,11,12,14,15,17,18,23,24,25,26,27,30,31,32,33-2,3,4,5,6
hqdm_0_0_hqdm_0_1_0_01,03,04,06,07,08,09,10,11,12,14,16,17,19,21,22,23,24,25,26,29,30,32,33-2,3,4,5,6
hqdm_0_0_hqdm_0_1_0_01,02,03,04,06,07,08,09,14,15,16,18,19,20,21,22,23,24,26,27,29,30,31,33-2,3,4,5,6
hqdm_0_0_hqdm_0_1_0_02,03,04,05,06,07,09,10,12,13,14,15,17,18,20,21,22,24,27,28,29,30,31,33-2,3,4,5,6
hqdm_0_0_hqdm_0_1_0_01,02,03,04,05,06,07,08,09,10,14,15,17,19,20,22,23,25,26,27,28,29,32,33-2,3,4,5,6
hqdm_0_0_hqdm_0_1_0_02,03,04,05,06,07,08,10,12,15,16,17,18,19,20,23,24,25,26,27,28,29,32,33-2,3,4,5,6
hqdm_0_0_hqdm_0_1_0_01,03,04,05,07,08,09,11,12,13,14,16,18,19,20,22,23,24,26,27,29,30,32,33-2,3,4,5,6
hqdm_0_0_hqdm_0_1_0_01,03,04,05,07,08,09,10,11,12,13,14,16,19,20,22,23,24,26,27,29,30,32,33-2,3,4,5,6
hqdm_0_0_hqdm_0_1_0_01,02,03,04,06,07,08,09,11,12,16,17,18,19,22,24,25,26,27,29,30,31,32,33-2,3,4,5,6
hqdm_0_0_hqdm_0_1_0_01,02,03,04,08,09,11,12,13,14,15,17,19,20,21,23,24,25,27,28,29,31,32,33-2,3,4,5,6
hqdm_0_0_hqdm_0_1_0_01,02,03,04,05,06,09,10,11,13,14,18,19,22,23,24,25,26,27,29,30,31,32,33-2,3,4,5,6
hqdm_0_0_hqdm_0_1_0_01,02,03,04,05,06,09,10,11,12,13,14,19,22,23,24,25,26,27,29,30,31,32,33-2,3,4,5,6
hqdm_0_0_hqdm_0_1_0_02,03,04,05,06,09,10,11,12,13,14,16,18,19,22,23,24,25,26,27,30,31,32,33-2,3,4,5,6
hqdm_0_0_hqdm_0_1_0_02,03,04,05,06,07,08,09,10,15,17,18,19,21,23,24,25,26,27,28,29,30,31,33-2,3,4,5,6
hqdm_0_0_hqdm_0_1_0_03,04,05,06,07,08,10,12,13,14,15,16,17,19,20,22,23,24,26,29,30,31,32,33-2,3,4,5,6
hqdm_0_0_hqdm_0_1_0_03,04,05,06,07,08,10,13,14,15,16,17,19,20,22,23,24,25,26,29,30,31,32,33-2,3,4,5,6
hqdm_0_0_hqdm_0_1_0_01,02,03,04,06,07,10,11,12,13,14,15,17,18,20,21,23,24,25,30,31,32,33-2,3,4,5,6
hqdm_0_0_hqdm_0_1_0_01,02,03,04,06,07,11,12,13,14,15,17,18,20,21,23,24,25,26,27,30,31,32,33-2,3,4,5,6
hqdm_0_0_hqdm_0_1_0_01,02,03,04,05,06,07,11,12,13,14,15,17,18,20,21,23,24,25,26,27,30,32,33-2,3,4,5,6
hqdm_0_0_hqdm_0_1_0_01,02,04,05,06,07,11,12,13,14,15,17,18,20,21,23,24,25,26,27,28,30,32,33-2,3,4,5,6
hqdm_0_0_hqdm_0_1_0_02,03,05,10,11,12,14,15,16,17,18,19,20,21,22,23,24,25,26,27,29,30,31,32-2,3,4,5,6
hqdm_0_0_hqdm_0_1_0_01,02,03,06,07,10,11,12,13,14,15,16,17,18,20,21,22,23,24,27,29,31,32,33-2,3,4,5,6
hqdm_0_0_hqdm_0_1_0_01,02,03,04,05,06,07,10,11,13,14,15,17,19,20,21,22,23,24,27,29,31,32,33-2,3,4,5,6
hqdm_0_0_hqdm_0_1_0_02,03,04,06,07,08,09,10,11,12,14,16,17,19,20,21,24,25,26,27,28,30,31,32-2,3,4,5,6
hqdm_0_0_hqdm_0_1_0_02,03,04,06,07,08,09,10,11,12,14,16,17,19,20,21,24,25,26,27,30,31,32-2,3,4,5,6
hqdm_0_0_hqdm_0_1_0_03,04,05,06,07,08,11,12,14,15,16,17,18,19,20,21,22,24,25,26,27,28,29,30-2,3,4,5,6
hqdm_0_0_hqdm_0_1_0_03,04,05,06,07,08,11,12,14,15,16,17,19,20,21,22,24,25,26,27,28,29,30-2,3,4,5,6
hqdm_0_0_hqdm_0_1_0_03,04,05,06,07,11,12,13,14,15,16,17,18,19,20,21,25,27,28,29,30,31,32,33-2,3,4,5,6
hqdm_0_0_hqdm_0_1_0_01,02,04,06,07,09,10,11,13,14,15,16,17,18,20,21,24,26,28,29,30,31,32,33-2,3,4,5,6
hqdm_0_0_hqdm_0_1_0_01,02,03,05,06,08,09,10,12,13,14,17,18,19,21,23,24,25,27,28,29,30,32,33-2,3,4,5,6
hqdm_0_0_hqdm_0_1_0_01,02,03,05,06,08,09,12,13,14,17,18,19,20,21,23,24,25,27,28,29,30,32,33-2,3,4,5,6
hqdm_0_0_hqdm_0_1_0_01,02,03,05,06,07,08,09,11,13,14,17,18,19,20,23,24,25,27,28,29,30,32,33-2,3,4,5,6
hqdm_0_0_hqdm_0_1_0_02,03,04,06,07,08,09,10,11,13,14,17,18,19,20,23,24,25,27,28,29,32,33-2,3,4,5,6
hqdm_0_0_hqdm_0_1_0_01,02,03,04,05,06,07,10,11,12,13,14,15,16,18,20,24,26,27,28,29,30,31,33-2,3,4,5,6
hqdm_0_0_hqdm_0_1_0_01,02,03,04,05,06,07,09,10,11,13,15,17,18,20,21,22,26,27,28,29,30,31,33-2,3,4,5,6
hqdm_0_0_hqdm_0_1_0_01,02,03,04,05,06,07,09,10,11,12,13,18,19,23,24,25,26,27,28,29,30,32,33-2,3,4,5,6
hqdm_0_0_hqdm_0_1_0_01,04,05,06,08,09,11,12,13,15,16,17,18,19,21,22,24,25,26,27,28,30,32,33-2,3,4,5,6
hqdm_0_0_hqdm_0_1_0_01,04,05,06,08,09,11,12,13,15,16,17,18,19,21,22,23,24,26,27,28,30,32,33-2,3,4,5,6
hqdm_0_0_hqdm_0_1_0_02,03,04,05,06,07,09,11,12,13,14,15,16,17,18,21,22,23,25,27,28,29,32,33-2,3,4,5,6
hqdm_0_0_hqdm_0_1_0_03,04,06,07,09,11,12,13,14,16,17,18,19,20,22,24,25,26,28,29,30,31,32,33-2,3,4,5,6
hqdm_0_0_hqdm_0_1_0_03,04,06,07,08,09,11,12,13,14,16,17,18,19,20,22,24,25,26,28,29,30,32,33-2,3,4,5,6
hqdm_0_0_hqdm_0_1_0_01,02,03,04,05,07,08,09,11,12,13,14,15,16,18,19,23,26,27,28,29,30,32,33-2,3,4,5,6
hqdm_0_0_hqdm_0_1_0_01,02,03,04,05,07,08,09,11,12,13,14,16,18,19,21,23,26,27,28,29,30,32,33-2,3,4,5,6
hqdm_0_0_hqdm_0_1_0_02,03,04,06,07,08,09,10,11,13,14,15,16,17,19,25,26,27,28,29,30,31,32,33-2,3,4,5,6
hqdm_0_0_hqdm_0_1_0_02,03,04,06,07,08,09,10,11,12,13,14,15,16,17,19,25,26,30,31,32,33-2,3,4,5,6
hqdm_0_0_hqdm_0_1_0_01,02,03,04,06,07,08,09,10,11,12,13,14,15,16,17,19,25,26,30,31,32,33-2,3,4,5,6
hqdm_0_0_hqdm_0_1_0_02,03,04,05,07,08,09,10,11,14,15,16,17,18,20,21,23,25,27,28,29,31,32,33-2,3,4,5,6
hqdm_0_0_hqdm_0_1_0_02,03,04,05,07,08,09,10,11,14,15,16,17,18,20,21,23,25,27,28,29,31,33-2,3,4,5,6
hqdm_0_0_hqdm_0_1_0_02,03,04,05,07,08,09,10,11,13,14,15,16,17,18,20,21,23,25,27,28,29,31,33-2,3,4,5,6
hqdm_0_0_hqdm_0_1_0_01,02,04,08,09,10,11,12,16,17,18,19,20,21,22,23,24,26,27,28,30,31,33-2,3,4,5,6
hqdm_0_0_hqdm_0_1_0_01,02,04,05,07,08,09,12,13,14,17,18,21,23,24,25,26,27,28,29,30,31,32,33-2,3,4,5,6
hqdm_0_0_hqdm_0_1_0_01,02,05,06,07,09,10,11,12,16,17,18,19,20,21,22,24,25,26,27,28,31,32,33-2,3,4,5,6
hqdm_0_0_hqdm_0_1_0_01,02,04,05,06,07,08,09,10,11,13,14,15,20,22,23,24,26,27,28,29,31,32,33-2,3,4,5,6
hqdm_0_0_hqdm_0_1_0_01,02,04,05,06,08,09,10,15,16,17,18,19,20,22,23,24,26,27,29,30,31,32,33-2,3,4,5,6
hqdm_0_0_hqdm_0_1_0_01,02,03,05,06,09,11,12,13,14,15,16,19,20,21,22,23,24,25,26,27,28,29,33-2,3,4,5,6
hqdm_0_0_hqdm_0_1_0_01,02,03,06,09,11,12,13,14,15,16,17,19,20,21,22,23,24,25,26,27,28,29,33-2,3,4,5,6
hqdm_0_0_hqdm_0_1_0_01,02,03,06,08,09,10,12,13,14,15,16,17,19,21,22,23,24,25,26,27,28,29,33-2,3,4,5,6
hqdm_0_0_hqdm_0_1_0_01,02,03,06,08,10,12,13,14,15,16,17,19,21,22,23,24,25,26,27,28,29,31,33-2,3,4,5,6
hqdm_0_0_hqdm_0_1_0_01,03,05,06,08,10,11,12,13,14,15,16,17,19,21,22,23,25,26,27,28,29,30,31-2,3,4,5,6
hqdm_0_0_hqdm_0_1_0_01,02,03,04,05,07,08,11,12,14,15,17,18,19,21,23,24,25,27,28,29,31,32,33-2,3,4,5,6
hqdm_0_0_hqdm_0_1_0_01,02,03,05,07,08,11,12,14,15,17,18,19,20,21,23,24,25,27,28,31,32,33-2,3,4,5,6
hqdm_0_0_hqdm_0_1_0_01,02,03,05,07,08,11,12,14,15,17,18,19,20,21,23,24,25,27,28,29,31,32,33-2,3,4,5,6
hqdm_0_0_hqdm_0_1_0_01,02,03,07,11,12,14,15,17,18,19,20,21,22,23,24,25,27,29,30,31,32,33-2,3,4,5,6
hqdm_0_0_hqdm_0_1_0_01,02,03,06,09,10,11,12,13,14,15,16,17,18,19,21,22,23,25,26,27,29,31,33-2,3,4,5,6
hqdm_0_0_hqdm_0_1_0_02,03,04,05,06,08,09,10,12,14,15,17,19,20,21,23,24,25,26,27,28,29,30,31-2,3,4,5,6
hqdm_0_0_hqdm_0_1_0_02,03,04,05,06,08,09,10,14,15,17,18,19,20,21,23,24,25,26,27,28,29,30,31-2,3,4,5,6
hqdm_0_0_hqdm_0_1_0_01,02,05,06,07,08,10,13,14,16,18,19,20,21,22,23,24,25,27,29,30,31,32,33-2,3,4,5,6
hqdm_0_0_hqdm_0_1_0_01,02,04,05,06,07,08,10,13,14,16,18,19,21,22,23,24,25,27,29,30,31,32,33-2,3,4,5,6
hqdm_0_0_hqdm_0_1_0_01,02,04,05,06,07,08,10,13,16,17,18,19,21,22,23,24,25,27,29,30,31,32,33-2,3,4,5,6
hqdm_0_0_hqdm_0_1_0_02,03,04,05,07,08,09,10,12,13,14,15,16,18,19,21,22,23,24,25,26,30,32,33-2,3,4,5,6
hqdm_0_0_hqdm_0_1_0_02,03,04,05,06,07,08,09,12,13,14,15,16,18,19,21,22,23,24,25,26,30,32,33-2,3,4,5,6
hqdm_0_0_hqdm_0_1_0_03,04,05,06,07,08,09,12,13,14,15,16,18,19,21,22,23,24,25,26,30,32,33-2,3,4,5,6
hqdm_0_0_hqdm_0_1_0_01,02,03,04,05,06,07,08,10,11,12,13,16,18,20,23,24,25,27,28,29,30,31,33-2,3,4,5,6
hqdm_0_0_hqdm_0_1_0_01,02,04,06,08,09,10,11,12,13,16,17,18,20,21,22,23,25,26,28,29,30,31,32-2,3,4,5,6
hqdm_0_0_hqdm_0_1_0_01,05,06,07,10,11,12,13,14,15,16,17,20,21,22,23,24,25,26,27,28,29,31,33-2,3,4,5,6
hqdm_0_0_hqdm_0_1_0_01,03,04,05,06,07,08,09,11,13,14,15,16,17,19,20,22,23,25,26,29,31,32,33-2,3,4,5,6
hqdm_0_0_hqdm_0_1_0_01,03,04,05,06,07,08,09,10,11,13,14,15,19,20,21,22,23,24,25,26,29,31,33-2,3,4,5,6
hqdm_0_0_hqdm_0_1_0_02,04,05,07,08,10,11,12,13,14,15,16,18,22,23,24,25,26,27,28,29,30,31,33-2,3,4,5,6
hqdm_0_0_hqdm_0_1_0_04,05,06,07,08,11,12,13,15,16,17,18,19,20,21,22,23,25,26,27,29,30,31,32-2,3,4,5,6
hqdm_0_0_hqdm_0_1_0_02,04,05,06,07,09,11,13,14,15,16,17,18,19,20,21,22,23,25,26,27,30,31,32-2,3,4,5,6
hqdm_0_0_hqdm_0_1_0_01,02,03,04,05,06,07,08,09,12,13,14,15,17,21,22,23,25,26,28,29,30,31,33-2,3,4,5,6
hqdm_0_0_hqdm_0_1_0_01,02,03,04,05,06,09,10,11,12,13,14,15,16,17,18,20,21,22,24,27,29,32,33-2,3,4,5,6
hqdm_0_0_hqdm_0_1_0_01,02,03,04,05,06,09,10,11,12,14,15,16,17,18,20,21,22,23,24,27,29,32,33-2,3,4,5,6
hqdm_0_0_hqdm_0_1_0_01,03,04,05,06,07,08,09,11,14,15,17,19,20,23,24,25,26,27,28,30,31,32,33-2,3,4,5,6
hqdm_0_0_hqdm_0_1_0_03,04,05,06,07,08,10,11,12,13,14,15,16,17,18,19,21,23,26,27,28,30,32,33-2,3,4,5,6
hqdm_0_0_hqdm_0_1_0_02,03,04,05,06,07,08,11,12,13,14,15,16,17,18,19,21,26,27,28,29,30,32,33-2,3,4,5,6
hqdm_0_0_hqdm_0_1_0_02,03,04,05,07,08,10,11,12,13,14,15,18,19,20,22,23,24,26,27,29,30,32,33-2,3,4,5,6
hqdm_0_0_hqdm_0_1_0_01,03,04,06,07,08,09,10,11,14,16,17,18,19,20,21,22,25,27,28,30,31,33-2,3,4,5,6
hqdm_0_0_hqdm_0_1_0_01,03,04,05,06,07,08,09,10,11,14,16,17,18,19,20,21,22,25,27,28,29,30,31-2,3,4,5,6
hqdm_0_0_hqdm_0_1_0_01,02,03,04,07,10,11,12,13,14,15,16,17,18,19,20,21,23,26,27,29,30,31,33-2,3,4,5,6
hqdm_0_0_hqdm_0_1_0_01,03,04,05,06,07,11,12,14,15,16,17,18,19,20,21,22,23,24,25,27,29,30,31-2,3,4,5,6
hqdm_0_0_hqdm_0_1_0_01,02,04,05,06,08,09,11,12,13,14,15,16,17,20,21,24,25,26,28,29,30,33-2,3,4,5,6
hqdm_0_0_hqdm_0_1_0_02,03,04,06,07,08,09,12,13,14,15,16,17,18,20,21,23,24,25,26,28,29,30,32-2,3,4,5,6
hqdm_0_0_hqdm_0_1_0_01,02,03,05,07,08,10,11,13,14,15,17,18,20,21,22,23,24,26,27,28,31,32,33-2,3,4,5,6
hqdm_0_0_hqdm_0_1_0_01,02,04,06,07,08,09,10,11,12,16,17,18,19,20,21,23,24,25,26,27,28,30,32-2,3,4,5,6
hqdm_0_0_hqdm_0_1_0_01,05,06,07,08,10,11,12,13,14,18,19,20,21,22,23,24,25,26,28,29,30,32,33-2,3,4,5,6
hqdm_0_0_hqdm_0_1_0_01,02,04,05,07,08,09,10,11,13,14,15,17,18,19,20,21,22,23,24,25,26,27,32-2,3,4,5,6
hqdm_0_0_hqdm_0_1_0_02,03,04,05,06,07,08,09,10,12,13,16,18,20,22,23,24,25,26,28,29,30,31,33-2,3,4,5,6
hqdm_0_0_hqdm_0_1_0_01,02,03,04,05,06,07,08,12,13,15,16,18,20,21,22,23,24,26,28,30,31,32,33-2,3,4,5,6
hqdm_0_0_hqdm_0_1_0_01,02,03,04,06,07,09,10,11,12,13,14,16,18,21,22,23,24,25,27,29,31,32,33-2,3,4,5,6
hqdm_0_0_hqdm_0_1_0_01,02,03,04,05,07,10,11,12,13,14,16,18,19,20,21,22,25,26,29,30,31,32,33-2,3,4,5,6
hqdm_0_0_hqdm_0_1_0_02,04,05,06,07,08,10,11,12,13,15,16,18,20,21,22,23,24,27,28,30,31,32,33-2,3,4,5,6
hqdm_0_0_hqdm_0_1_0_01,02,04,05,06,07,08,09,10,11,12,13,15,16,18,20,21,23,24,27,28,30,31,33-2,3,4,5,6
hqdm_0_0_hqdm_0_1_0_01,03,04,05,08,09,10,12,13,14,15,17,18,19,21,24,25,26,27,28,29,30,32,33-2,3,4,5,6
hqdm_0_0_hqdm_0_1_0_04,06,07,08,09,10,13,14,15,17,18,19,20,21,22,23,24,25,26,27,28,29,32,33-2,3,4,5,6
hqdm_0_0_hqdm_0_1_0_01,04,05,06,08,09,10,11,12,13,15,16,17,18,19,21,22,23,24,25,27,30,32,33-2,3,4,5,6
hqdm_0_0_hqdm_0_1_0_01,02,03,04,05,06,08,09,10,12,13,15,16,17,18,20,22,25,26,28,29,30,32,33-2,3,4,5,6
hqdm_0_0_hqdm_0_1_0_01,03,04,07,08,09,10,12,13,14,15,16,18,19,20,21,22,23,24,26,27,29,30,31-2,3,4,5,6
hqdm_0_0_hqdm_0_1_0_01,02,03,06,08,09,10,13,14,15,17,18,19,20,21,22,23,24,26,27,28,29,31,33-2,3,4,5,6
hqdm_0_0_hqdm_0_1_0_01,02,03,06,08,09,10,12,13,14,16,17,18,19,20,21,23,25,26,27,28,29,31,33-2,3,4,5,6
hqdm_0_0_hqdm_0_1_0_01,03,04,06,07,08,09,10,11,12,13,15,16,17,18,19,20,23,24,25,27,28,31,33-2,3,4,5,6
hqdm_0_0_hqdm_0_1_0_02,03,04,05,07,08,09,10,11,12,13,15,16,17,18,19,20,23,24,25,27,28,31,33-2,3,4,5,6
hqdm_0_0_hqdm_0_1_0_01,02,03,05,06,07,09,10,12,13,14,16,17,19,20,22,23,24,25,26,27,29,31,32-2,3,4,5,6
hqdm_0_0_hqdm_0_1_0_01,02,03,04,05,06,07,10,12,13,14,16,17,19,20,22,23,24,25,26,27,29,31,32-2,3,4,5,6
hqdm_0_0_hqdm_0_1_0_01,02,03,04,06,07,10,12,13,14,16,17,19,20,22,23,24,25,26,27,29,30,32,33-2,3,4,5,6
hqdm_0_0_hqdm_0_1_0_01,02,03,04,06,10,12,13,14,16,17,18,19,20,22,23,24,25,26,27,29,30,32,33-2,3,4,5,6
hqdm_0_0_hqdm_0_1_0_02,03,04,06,07,08,09,10,13,15,16,17,18,19,22,23,24,25,26,29,30,31,32-2,3,4,5,6
hqdm_0_0_hqdm_0_1_0_03,04,06,07,08,09,10,12,13,15,16,17,18,19,21,22,23,24,25,26,27,29,30,31-2,3,4,5,6
hqdm_0_0_hqdm_0_1_0_03,06,07,08,09,10,12,13,14,15,16,17,18,19,21,22,23,24,25,26,27,29,30,31-2,3,4,5,6
hqdm_0_0_hqdm_0_1_0_02,03,05,06,07,09,10,11,12,13,14,16,18,21,22,24,25,26,27,28,29,31,32,33-2,3,4,5,6
hqdm_0_0_hqdm_0_1_0_02,03,05,06,07,09,10,11,12,13,14,16,18,21,22,24,26,27,28,29,30,31,32,33-2,3,4,5,6
hqdm_0_0_hqdm_0_1_0_02,04,05,06,08,09,11,12,13,14,16,17,19,20,22,23,25,26,27,28,29,31,32,33-2,3,4,5,6
hqdm_0_0_hqdm_0_1_0_02,03,04,05,06,07,08,09,10,13,14,15,16,17,18,20,22,23,25,26,27,30,31,32-2,3,4,5,6
hqdm_0_0_hqdm_0_1_0_02,03,04,05,06,08,09,10,13,14,15,16,17,18,20,22,23,25,26,27,30,31,32,33-2,3,4,5,6
hqdm_0_0_hqdm_0_1_0_02,03,04,05,06,07,09,10,13,14,15,16,17,18,20,22,23,25,26,27,30,31,32,33-2,3,4,5,6
hqdm_0_0_hqdm_0_1_0_01,03,04,05,06,07,09,10,12,13,14,15,17,20,21,22,23,24,25,26,28,31,32,33-2,3,4,5,6
hqdm_0_0_hqdm_0_1_0_01,02,04,05,06,07,09,10,11,12,13,14,15,16,20,22,23,25,26,27,28,30,31,33-2,3,4,5,6
hqdm_0_0_hqdm_0_1_0_02,03,04,06,07,09,11,12,13,14,15,16,17,18,20,21,23,26,27,28,29,30,32,33-2,3,4,5,6
hqdm_0_0_hqdm_0_1_0_01,02,03,04,05,06,07,08,09,10,11,12,14,15,18,20,23,24,25,27,28,30,31,33-2,3,4,5,6
hqdm_0_0_hqdm_0_1_0_02,05,07,08,09,10,11,12,14,16,17,18,19,22,23,24,25,26,27,28,30,31,32,33-2,3,4,5,6
hqdm_0_0_hqdm_0_1_0_02,03,05,07,08,09,10,11,12,14,15,17,18,19,22,23,24,26,27,28,30,31,32,33-2,3,4,5,6
hqdm_0_0_hqdm_0_1_0_02,03,05,07,08,09,10,11,12,14,15,17,18,19,21,22,23,24,26,27,28,30,31,33-2,3,4,5,6
hqdm_0_0_hqdm_0_1_0_01,03,04,06,08,09,10,13,14,15,16,17,18,19,21,23,24,25,26,29,30,31,32,33-2,3,4,5,6
hqdm_0_0_hqdm_0_1_0_01,02,03,04,05,06,07,09,10,12,13,15,16,17,19,20,21,22,23,24,27,28,31,32-2,3,4,5,6
hqdm_0_0_hqdm_0_1_0_01,03,04,05,06,07,08,12,14,15,17,19,20,21,22,24,25,26,27,28,29,30,31,32-2,3,4,5,6
hqdm_0_0_hqdm_0_1_0_01,03,04,05,06,07,08,11,12,13,14,15,17,20,21,22,25,26,27,28,29,30,31,32-2,3,4,5,6
hqdm_0_0_hqdm_0_1_0_01,02,03,04,05,07,08,10,11,12,13,14,15,16,18,19,20,24,25,27,28,30,31,33-2,3,4,5,6
hqdm_0_0_hqdm_0_1_0_01,02,03,04,05,07,08,10,11,12,13,14,15,16,18,19,20,21,23,25,27,28,31,33-2,3,4,5,6
hqdm_0_0_hqdm_0_1_0_01,02,03,04,05,08,10,11,12,14,15,16,18,19,20,21,23,25,27,28,30,31,33-2,3,4,5,6
hqdm_0_0_hqdm_0_1_0_01,02,03,04,06,07,09,10,11,13,15,16,17,18,19,20,21,23,24,27,30,31,32,33-2,3,4,5,6
hqdm_0_0_hqdm_0_1_0_01,05,06,07,09,10,11,12,13,14,15,16,17,18,19,20,21,22,23,24,26,28,30,33-2,3,4,5,6
hqdm_0_0_hqdm_0_1_0_05,06,08,09,10,11,12,13,14,15,16,17,18,19,20,21,22,23,24,26,28,30,33-2,3,4,5,6
hqdm_0_0_hqdm_0_1_0_05,06,08,09,10,11,12,13,14,15,16,17,18,19,20,21,22,23,24,25,26,28,30,33-2,3,4,5,6
hqdm_0_0_hqdm_0_1_0_03,04,05,06,07,08,09,10,11,12,13,14,16,17,20,21,24,25,26,27,28,30,31-2,3,4,5,6
hqdm_0_0_hqdm_0_1_0_03,04,05,06,07,08,09,10,11,12,13,14,16,17,20,21,22,24,25,26,27,28,30,31-2,3,4,5,6
hqdm_0_0_hqdm_0_1_0_02,03,04,05,07,08,09,11,12,13,14,15,16,17,18,19,20,22,24,26,27,30,32,33-2,3,4,5,6
hqdm_0_0_hqdm_0_1_0_02,03,05,07,08,09,11,12,13,14,15,16,17,18,19,20,21,22,24,26,27,30,33-2,3,4,5,6
hqdm_0_0_hqdm_0_1_0_02,03,05,07,08,09,11,12,13,14,15,16,17,18,19,21,22,24,25,26,27,28,30,33-2,3,4,5,6
hqdm_0_0_hqdm_0_1_0_02,03,04,05,06,08,09,11,12,13,14,15,17,18,19,20,23,24,25,27,28,30,31,32-2,3,4,5,6
hqdm_0_0_hqdm_0_1_0_02,03,04,05,06,08,09,11,12,13,14,15,17,18,19,20,23,24,25,27,28,31,32-2,3,4,5,6
hqdm_0_0_hqdm_0_1_0_02,03,04,05,06,08,09,11,12,13,14,15,17,18,19,20,21,23,24,25,27,28,31,32-2,3,4,5,6
hqdm_0_0_hqdm_0_1_0_01,02,03,04,05,06,08,10,11,12,13,14,17,18,19,21,22,23,27,28,29,30,31,32-2,3,4,5,6
hqdm_0_0_hqdm_0_1_0_01,02,03,04,05,08,09,10,12,14,15,16,17,18,19,21,22,23,24,25,26,28,30,31-2,3,4,5,6
hqdm_0_0_hqdm_0_1_0_01,02,03,04,05,08,09,10,12,14,16,17,18,19,21,22,23,24,25,26,27,28,30,31-2,3,4,5,6
hqdm_0_0_hqdm_0_1_0_01,02,03,04,07,08,09,11,12,13,14,15,16,17,18,19,20,21,22,24,27,29,32,33-2,3,4,5,6
hqdm_0_0_hqdm_0_1_0_02,03,04,05,07,08,09,10,11,12,13,14,15,17,18,20,22,23,24,25,26,27,29,32-2,3,4,5,6
hqdm_0_0_hqdm_0_1_0_01,02,04,05,06,07,08,10,11,12,14,15,16,17,18,20,21,22,23,24,28,29,31,33-2,3,4,5,6
hqdm_0_0_hqdm_0_1_0_02,04,05,06,07,08,10,11,12,13,14,15,16,17,18,20,21,22,23,24,28,29,31,33-2,3,4,5,6
hqdm_0_0_hqdm_0_1_0_01,04,05,06,07,08,10,11,12,13,14,15,16,17,18,20,21,22,23,24,28,29,31,33-2,3,4,5,6
hqdm_0_0_hqdm_0_1_0_01,02,03,04,06,08,09,10,11,12,13,14,15,16,18,20,22,23,24,27,28,30,32,33-2,3,4,5,6
hqdm_0_0_hqdm_0_1_0_01,02,03,05,07,08,09,10,11,13,14,16,17,18,19,20,21,22,23,26,30,31,32,33-2,3,4,5,6
hqdm_0_0_hqdm_0_1_0_02,03,04,05,06,07,08,09,11,13,14,15,16,18,19,20,24,27,28,29,30,31,32,33-2,3,4,5,6
hqdm_0_0_hqdm_0_1_0_01,02,03,06,07,08,09,12,13,14,15,16,17,18,21,23,24,25,26,27,28,29,32,33-2,3,4,5,6
hqdm_0_0_hqdm_0_1_0_02,03,05,06,07,08,09,10,12,13,14,15,17,18,19,20,23,25,26,27,28,29,32,33-2,3,4,5,6
hqdm_0_0_hqdm_0_1_0_02,03,04,05,06,08,09,10,11,13,14,16,17,18,20,21,22,23,24,25,26,27,31,32-2,3,4,5,6
hqdm_0_0_hqdm_0_1_0_02,03,04,05,06,08,10,11,13,14,15,16,17,18,20,21,22,23,24,25,27,31-2,3,4,5,6
hqdm_0_0_hqdm_0_1_0_01,04,06,07,08,09,11,12,13,14,15,17,18,19,20,21,22,23,24,26,27,28,30,32-2,3,4,5,6
hqdm_0_0_hqdm_0_1_0_01,02,03,04,05,06,07,08,11,16,17,18,19,21,22,23,24,26,27,28,30,31,33-2,3,4,5,6
hqdm_0_0_hqdm_0_1_0_01,02,03,04,05,06,07,08,11,15,16,17,18,19,21,22,23,24,26,28,30,31,33-2,3,4,5,6
hqdm_0_0_hqdm_0_1_0_01,02,03,04,05,06,07,08,11,15,16,17,18,19,20,21,22,23,24,26,28,30,31,33-2,3,4,5,6
hqdm_0_0_hqdm_0_1_0_01,02,04,06,07,08,09,10,11,13,14,15,16,18,19,20,22,23,25,26,27,31,33-2,3,4,5,6
hqdm_0_0_hqdm_0_1_0_01,02,04,06,07,08,09,10,11,14,15,16,18,19,22,23,25,26,27,31,33-2,3,4,5,6
hqdm_0_0_hqdm_0_1_0_01,02,04,05,06,07,08,09,10,11,13,14,15,16,18,19,22,23,25,26,27,31,33-2,3,4,5,6
hqdm_0_0_hqdm_0_1_0_01,02,04,05,06,07,08,09,10,11,13,14,15,16,18,19,22,23,25,26,27,31,32,33-2,3,4,5,6
hqdm_0_0_hqdm_0_1_0_02,04,05,06,07,08,09,10,11,13,14,15,16,18,19,22,23,25,26,27,28,31,32-2,3,4,5,6
hqdm_0_0_hqdm_0_1_0_01,02,03,04,05,06,07,08,10,11,12,16,18,19,20,21,23,24,26,28,30,31,32,33-2,3,4,5,6
hqdm_0_0_hqdm_0_1_0_01,02,03,04,05,06,07,08,10,11,16,18,19,20,21,23,24,25,26,28,30,31,32,33-2,3,4,5,6
hqdm_0_0_hqdm_0_1_0_01,02,03,04,05,07,08,09,10,11,15,16,18,19,20,21,23,24,25,26,28,30,31,33-2,3,4,5,6
hqdm_0_0_hqdm_0_1_0_01,02,03,04,05,07,08,09,10,11,14,15,16,18,19,20,21,23,24,25,26,28,31,33-2,3,4,5,6
hqdm_0_0_hqdm_0_1_0_01,02,03,04,05,07,08,09,10,14,15,16,18,19,20,21,22,23,24,25,28,31,33-2,3,4,5,6
hqdm_0_0_hqdm_0_1_0_02,03,04,05,08,09,10,12,13,14,15,17,18,20,21,22,23,24,25,28,29,30,31,33-2,3,4,5,6
hqdm_0_0_hqdm_0_1_0_01,02,03,04,05,06,08,09,10,11,12,14,17,18,19,21,22,23,25,26,27,29,30,33-2,3,4,5,6
hqdm_0_0_hqdm_0_1_0_01,04,05,08,09,10,11,12,13,14,15,16,17,19,20,21,23,24,25,28,29,31,32,33-2,3,4,5,6
hqdm_0_0_hqdm_0_1_0_01,02,04,06,07,08,09,10,11,13,14,15,16,18,19,21,22,24,26,28,31,32,33-2,3,4,5,6
hqdm_0_0_hqdm_0_1_0_01,03,04,05,06,07,08,09,10,11,12,13,14,15,16,19,21,22,23,24,25,28,30,31-2,3,4,5,6
hqdm_0_0_hqdm_0_1_0_01,02,04,05,07,08,09,10,13,14,15,16,17,19,20,21,22,23,24,27,30,31,32,33-2,3,4,5,6
hqdm_0_0_hqdm_0_1_0_01,02,04,05,07,08,09,10,14,15,16,17,19,20,21,22,24,27,30,31,32,33-2,3,4,5,6
hqdm_0_0_hqdm_0_1_0_01,03,04,05,06,08,09,10,11,12,14,15,16,19,20,22,23,24,26,29,30,31,32,33-2,3,4,5,6
hqdm_0_0_hqdm_0_1_0_03,04,06,07,10,11,12,13,14,15,16,18,20,21,22,23,24,26,27,28,29,30,31,32-2,3,4,5,6
hqdm_0_0_hqdm_0_1_0_02,05,06,07,08,11,14,15,16,17,18,19,21,22,23,24,25,26,27,28,29,30,31,33-2,3,4,5,6
hqdm_0_0_hqdm_0_1_0_03,04,06,08,09,10,12,13,14,16,17,18,19,21,22,23,25,26,27,28,29,30,32,33-2,3,4,5,6
hqdm_0_0_hqdm_0_1_0_01,02,04,05,06,07,08,11,12,13,14,15,16,18,20,21,22,23,24,27,28,29,30,31-2,3,4,5,6
hqdm_0_0_hqdm_0_1_0_02,03,04,05,06,07,09,11,12,13,14,15,16,18,20,21,22,23,24,25,27,28,29,30-2,3,4,5,6
hqdm_0_0_hqdm_0_1_0_01,02,05,07,08,10,11,13,14,16,17,18,19,20,21,22,23,25,26,28,29,32,33-2,3,4,5,6
hqdm_0_0_hqdm_0_1_0_01,02,05,07,08,09,10,11,13,14,16,17,18,19,20,21,23,25,26,27,28,29,32,33-2,3,4,5,6
hqdm_0_0_hqdm_0_1_0_02,03,05,06,07,08,09,10,13,14,15,16,17,18,19,20,23,24,26,27,28,29,31,32-2,3,4,5,6
hqdm_0_0_hqdm_0_1_0_01,02,04,05,08,10,12,14,15,16,17,19,20,21,22,23,24,25,26,27,30,31,32,33-2,3,4,5,6
hqdm_0_0_hqdm_0_1_0_02,03,04,05,06,08,09,10,11,13,14,17,18,20,21,24,26,27,28,29,30,31,32,33-2,3,4,5,6
hqdm_0_0_hqdm_0_1_0_02,03,04,05,06,08,09,10,11,13,14,18,20,21,24,25,26,27,28,29,30,31,32,33-2,3,4,5,6
hqdm_0_0_hqdm_0_1_0_01,03,04,05,06,07,08,09,12,13,14,16,17,18,21,22,23,24,25,26,27,28,29,31-2,3,4,5,6
hqdm_0_0_hqdm_0_1_0_02,03,04,06,07,08,09,11,12,13,14,15,16,19,20,21,22,24,25,26,27,28,30,31-2,3,4,5,6
hqdm_0_0_hqdm_0_1_0_02,03,04,05,06,08,09,10,13,14,15,16,18,19,21,22,23,24,25,26,28,29,30,31-2,3,4,5,6
hqdm_0_0_hqdm_0_1_0_03,04,05,06,07,09,10,12,13,14,15,16,17,18,19,20,22,23,26,28,29,30,31,32-2,3,4,5,6
hqdm_0_0_hqdm_0_1_0_01,03,04,05,06,09,10,12,13,14,15,16,19,20,21,22,23,26,28,29,30,31,32,33-2,3,4,5,6
hqdm_0_0_hqdm_0_1_0_01,02,04,05,07,08,09,10,11,12,14,16,18,19,20,22,23,24,25,27,28,30,31,33-2,3,4,5,6
hqdm_0_0_hqdm_0_1_0_01,02,03,04,05,07,09,10,11,12,13,14,15,16,18,19,21,22,25,26,27,28,30,31-2,3,4,5,6
hqdm_0_0_hqdm_0_1_0_01,02,03,04,05,07,09,10,11,12,13,14,15,16,17,18,19,21,22,26,27,28,30,31-2,3,4,5,6
hqdm_0_0_hqdm_0_1_0_02,03,04,06,07,08,10,11,13,14,15,17,18,19,20,24,25,26,27,28,29,30,32,33-2,3,4,5,6
hqdm_0_0_hqdm_0_1_0_02,03,04,05,06,07,08,09,11,12,13,14,16,17,20,22,23,26,27,29,30,32,33-2,3,4,5,6
hqdm_0_0_hqdm_0_1_0_02,03,04,05,06,07,08,09,11,12,13,14,16,17,19,20,22,23,26,27,29,30,32,33-2,3,4,5,6
hqdm_0_0_hqdm_0_1_0_02,03,04,05,06,07,08,09,11,12,13,14,17,19,20,22,23,26,27,29,30,32,33-2,3,4,5,6
hqdm_0_0_hqdm_0_1_0_02,05,07,08,09,10,11,12,13,14,15,17,18,20,21,23,24,26,27,29,30,31,32,33-2,3,4,5,6
hqdm_0_0_hqdm_0_1_0_02,05,07,08,09,10,11,12,13,14,15,16,17,18,20,21,23,24,26,29,30,31,32,33-2,3,4,5,6
hqdm_0_0_hqdm_0_1_0_02,04,05,06,08,09,11,12,13,14,16,18,19,20,22,23,24,25,26,27,28,30,31,32-2,3,4,5,6
hqdm_0_0_hqdm_0_1_0_02,04,05,06,08,09,11,14,15,16,18,19,20,22,23,24,25,26,27,28,30,31,32-2,3,4,5,6
hqdm_0_0_hqdm_0_1_0_01,03,04,05,06,08,09,11,15,16,18,19,20,23,24,25,26,27,28,29,30,31,32,33-2,3,4,5,6
hqdm_0_0_hqdm_0_1_0_02,04,05,06,07,08,10,11,12,13,14,15,17,18,19,20,21,23,26,27,28,29,30,33-2,3,4,5,6
hqdm_0_0_hqdm_0_1_0_02,04,05,06,08,10,11,12,13,14,15,17,18,19,20,21,23,26,27,28,29,30,32-2,3,4,5,6
hqdm_0_0_hqdm_0_1_0_02,03,04,05,07,08,10,11,12,13,14,15,17,18,19,20,21,23,26,27,28,29,30,32-2,3,4,5,6
hqdm_0_0_hqdm_0_1_0_02,04,05,06,07,08,09,10,11,12,13,14,15,16,21,22,23,24,25,26,27,29,31,32-2,3,4,5,6
hqdm_0_0_hqdm_0_1_0_02,04,05,06,07,08,09,10,11,12,13,14,15,16,19,21,22,23,25,26,27,29,31,32-2,3,4,5,6
hqdm_0_0_hqdm_0_1_0_01,03,04,06,07,10,11,12,13,14,15,16,17,21,22,24,25,26,28,29,30,31,32-2,3,4,5,6
hqdm_0_0_hqdm_0_1_0_01,03,04,06,07,08,10,11,12,13,14,15,17,18,21,22,24,26,28,29,30,31,32,33-2,3,4,5,6
hqdm_0_0_hqdm_0_1_0_02,03,04,06,07,08,10,11,12,14,15,16,17,18,21,22,23,24,27,28,30,31,33-2,3,4,5,6
hqdm_0_0_hqdm_0_1_0_01,02,04,06,08,10,11,12,13,14,15,16,17,18,21,22,23,24,26,27,29,30,32,33-2,3,4,5,6
hqdm_0_0_hqdm_0_1_0_02,05,06,07,08,09,10,11,12,14,15,16,17,18,19,20,23,25,26,29,30,31,32,33-2,3,4,5,6
hqdm_0_0_hqdm_0_1_0_01,02,06,07,08,09,10,11,12,13,15,16,17,18,19,22,23,24,25,26,27,28,31,33-2,3,4,5,6
hqdm_0_0_hqdm_0_1_0_01,02,03,04,05,06,08,09,10,12,13,14,16,19,21,22,23,24,25,26,27,29,30,31-2,3,4,5,6
hqdm_0_0_hqdm_0_1_0_01,03,04,06,07,08,10,12,13,14,15,16,17,19,20,21,22,24,25,26,29,30,32-2,3,4,5,6
hqdm_0_0_hqdm_0_1_0_01,03,04,05,06,07,08,10,12,13,14,15,16,17,19,20,21,22,24,26,29,30,32-2,3,4,5,6
hqdm_0_0_hqdm_0_1_0_01,03,04,05,06,07,08,10,11,12,13,14,15,16,19,20,21,22,24,26,29,30,32-2,3,4,5,6
hqdm_0_0_hqdm_0_1_0_01,03,04,05,06,07,08,11,12,13,14,15,16,19,20,21,22,24,28,29,30,32-2,3,4,5,6
hqdm_0_0_hqdm_0_1_0_01,03,04,05,06,07,08,11,12,13,14,15,19,20,21,22,24,27,28,29,30,32,33-2,3,4,5,6
hqdm_0_0_hqdm_0_1_0_01,03,04,05,06,07,08,11,12,13,14,15,17,19,20,21,22,24,27,28,29,30,32,33-2,3,4,5,6
hqdm_0_0_hqdm_0_1_0_01,04,05,06,07,08,10,11,12,13,14,16,17,18,19,20,21,24,26,27,29,30,31,32-2,3,4,5,6
hqdm_0_0_hqdm_0_1_0_01,03,04,06,08,09,10,11,13,14,16,17,18,19,20,21,24,25,26,27,28,29,30,33-2,3,4,5,6
hqdm_0_0_hqdm_0_1_0_01,02,03,04,05,06,07,08,09,10,12,15,17,18,19,20,21,22,23,24,29,31,32,33-2,3,4,5,6
hqdm_0_0_hqdm_0_1_0_02,04,06,08,10,11,12,13,14,15,17,18,19,20,21,23,24,26,27,28,30,32,33-2,3,4,5,6
hqdm_0_0_hqdm_0_1_0_02,03,04,06,07,08,09,12,13,14,15,16,18,19,20,22,23,26,27,28,29,30,31,32-2,3,4,5,6
hqdm_0_0_hqdm_0_1_0_03,04,06,07,08,09,12,13,14,15,16,18,19,20,21,22,23,26,27,28,29,30,31,32-2,3,4,5,6
hqdm_0_0_hqdm_0_1_0_01,02,04,07,08,09,10,11,12,13,14,16,18,20,21,22,24,25,26,28,30,31,32-2,3,4,5,6
hqdm_0_0_hqdm_0_1_0_01,02,04,07,08,09,10,11,12,13,14,15,16,18,20,21,22,24,25,26,28,30,31,32-2,3,4,5,6
hqdm_0_0_hqdm_0_1_0_01,02,04,06,08,09,10,13,15,16,17,18,19,20,21,22,23,25,26,27,29,30,31,33-2,3,4,5,6
hqdm_0_0_hqdm_0_1_0_01,02,03,05,06,07,08,09,10,11,13,16,18,19,20,21,22,23,26,27,28,30,32,33-2,3,4,5,6
hqdm_0_0_hqdm_0_1_0_01,02,03,05,06,07,08,09,10,11,13,16,17,19,20,21,22,23,26,28,30,31,32,33-2,3,4,5,6
hqdm_0_0_hqdm_0_1_0_01,02,03,05,07,10,11,13,14,15,16,18,20,21,22,23,25,26,28,29,30,31,33-2,3,4,5,6
hqdm_0_0_hqdm_0_1_0_01,02,03,05,07,09,11,13,14,15,16,17,18,20,21,22,23,25,26,28,29,30,31,33-2,3,4,5,6
hqdm_0_0_hqdm_0_1_0_02,03,04,05,06,08,09,10,11,12,13,14,15,17,21,23,24,26,28,29,30,31,32,33-2,3,4,5,6
hqdm_0_0_hqdm_0_1_0_02,04,05,07,08,10,11,12,13,14,15,16,18,19,20,22,25,27,28,29,30,31,33-2,3,4,5,6
hqdm_0_0_hqdm_0_1_0_02,04,05,06,07,08,10,11,12,13,14,15,16,18,19,20,22,23,25,27,28,29,30,31-2,3,4,5,6
hqdm_0_0_hqdm_0_1_0_02,04,05,06,07,08,10,11,12,13,14,15,18,19,21,22,23,25,27,28,29,30,31,32-2,3,4,5,6
hqdm_0_0_hqdm_0_1_0_02,03,04,05,06,08,09,10,11,12,13,14,15,18,21,22,23,25,27,29,30,31,32-2,3,4,5,6
hqdm_0_0_hqdm_0_1_0_01,03,04,05,06,08,09,10,11,12,13,14,15,20,21,22,23,25,27,29,30,31,32,33-2,3,4,5,6
hqdm_0_0_hqdm_0_1_0_01,02,04,05,06,08,09,10,12,13,15,16,17,19,20,21,23,24,25,26,27,30,32,33-2,3,4,5,6
hqdm_0_0_hqdm_0_1_0_01,02,04,06,08,09,10,12,13,15,16,17,19,20,21,23,24,25,26,27,30,32,33-2,3,4,5,6
hqdm_0_0_hqdm_0_1_0_01,02,06,07,08,09,10,12,13,15,16,17,19,20,21,23,24,25,26,27,28,30,32,33-2,3,4,5,6
hqdm_0_0_hqdm_0_1_0_02,03,04,06,07,08,09,10,12,13,14,15,16,18,19,20,21,23,25,27,28,29,30,32-2,3,4,5,6
hqdm_0_0_hqdm_0_1_0_01,02,03,04,06,07,08,09,12,13,14,15,16,18,19,20,23,24,27,28,30,32,33-2,3,4,5,6
hqdm_0_0_hqdm_0_1_0_01,02,04,05,07,09,10,11,12,13,14,15,16,18,19,20,23,24,26,29,30,31,32,33-2,3,4,5,6
hqdm_0_0_hqdm_0_1_0_01,02,04,05,07,08,09,10,11,12,13,14,15,16,18,19,20,23,24,26,29,30,31,32-2,3,4,5,6
hqdm_0_0_hqdm_0_1_0_01,02,04,08,09,10,11,12,14,16,17,18,20,21,22,23,24,25,27,28,29,31,32,33-2,3,4,5,6
hqdm_0_0_hqdm_0_1_0_01,02,04,06,07,08,09,10,11,14,15,16,18,21,23,24,25,26,27,30,31,32,33-2,3,4,5,6
hqdm_0_0_hqdm_0_1_0_01,03,05,06,07,08,11,12,13,14,15,16,17,18,19,20,23,24,25,26,27,28,32,33-2,3,4,5,6
hqdm_0_0_hqdm_0_1_0_01,03,05,06,07,08,11,12,13,14,15,16,17,18,19,20,21,23,24,26,27,28,32,33-2,3,4,5,6
hqdm_0_0_hqdm_0_1_0_02,04,06,07,08,09,10,11,12,14,15,16,17,18,21,23,24,25,26,29,30,31,32,33-2,3,4,5,6
hqdm_0_0_hqdm_0_1_0_01,03,04,07,08,10,11,12,13,14,15,16,17,21,22,23,24,25,26,27,29,30,31-2,3,4,5,6
hqdm_0_0_hqdm_0_1_0_01,03,04,07,08,10,11,12,13,14,15,16,17,21,22,23,24,25,26,27,29,30-2,3,4,5,6
hqdm_0_0_hqdm_0_1_0_01,03,04,07,08,09,10,11,12,13,14,15,16,17,19,21,22,23,24,25,26,27,29,30-2,3,4,5,6
hqdm_0_0_hqdm_0_1_0_01,02,03,04,07,08,09,10,11,12,13,14,16,17,19,21,22,23,24,25,26,27,29,30-2,3,4,5,6
hqdm_0_0_hqdm_0_1_0_02,03,04,05,06,08,09,10,11,13,14,15,16,18,19,20,23,24,26,27,28,30,32,33-2,3,4,5,6
hqdm_0_0_hqdm_0_1_0_02,03,04,05,06,08,09,10,11,13,14,15,16,18,19,20,23,24,25,26,27,30,32,33-2,3,4,5,6
hqdm_0_0_hqdm_0_1_0_01,03,04,06,07,08,09,10,11,12,13,14,16,17,18,21,22,23,24,27,28,31,32,33-2,3,4,5,6
hqdm_0_0_hqdm_0_1_0_01,03,04,06,07,08,09,10,11,12,13,14,16,18,21,22,23,24,27,28,31,32,33-2,3,4,5,6
hqdm_0_0_hqdm_0_1_0_01,03,04,05,06,07,08,09,10,11,12,13,14,16,18,21,22,23,24,27,28,32,33-2,3,4,5,6
hqdm_0_0_hqdm_0_1_0_01,03,04,05,06,07,08,09,10,11,12,13,14,16,18,20,21,22,23,24,27,28,32,33-2,3,4,5,6
hqdm_0_0_hqdm_0_1_0_02,05,06,08,09,10,11,12,13,14,15,16,18,20,21,22,23,24,25,26,27,28,29,31-2,3,4,5,6
hqdm_0_0_hqdm_0_1_0_03,04,05,06,07,08,11,12,13,14,16,19,20,21,22,23,25,26,27,28,29,30,31,33-2,3,4,5,6
hqdm_0_0_hqdm_0_1_0_02,03,04,05,06,07,08,10,11,13,14,16,19,20,21,23,25,26,28,29,30,31,33-2,3,4,5,6
hqdm_0_0_hqdm_0_1_0_02,03,04,05,06,07,08,10,11,13,14,16,19,20,21,22,23,25,26,28,29,30,31,33-2,3,4,5,6
hqdm_0_0_hqdm_0_1_0_01,04,05,06,07,08,09,10,13,14,15,16,17,20,21,22,23,24,25,28,29,30,31,33-2,3,4,5,6
hqdm_0_0_hqdm_0_1_0_01,04,05,06,07,08,09,10,11,13,14,15,17,20,21,23,24,25,26,28,29,30,31,33-2,3,4,5,6
hqdm_0_0_hqdm_0_1_0_01,04,05,06,07,08,09,10,11,13,14,15,20,21,23,24,25,26,28,29,30,31,32,33-2,3,4,5,6
hqdm_0_0_hqdm_0_1_0_01,04,05,06,07,08,10,11,13,14,15,16,20,21,23,24,25,26,28,29,30,31,32,33-2,3,4,5,6
hqdm_0_0_hqdm_0_1_0_01,02,04,05,06,07,08,10,11,13,14,15,16,20,21,23,24,25,26,28,29,30,31,32-2,3,4,5,6
hqdm_0_0_hqdm_0_1_0_01,02,04,05,07,08,10,11,12,13,14,15,16,19,20,21,23,24,25,26,28,29,30,32-2,3,4,5,6
hqdm_0_0_hqdm_0_1_0_01,02,03,04,05,06,07,08,09,10,11,13,15,16,18,19,21,22,23,26,29,31,32,33-2,3,4,5,6
hqdm_0_0_hqdm_0_1_0_02,03,04,05,06,07,08,09,10,11,13,15,16,19,21,22,23,26,29,31,32,33-2,3,4,5,6
hqdm_0_0_hqdm_0_1_0_02,03,04,05,06,08,09,10,11,13,15,16,19,21,22,23,26,29,30,31,32,33-2,3,4,5,6
hqdm_0_0_hqdm_0_1_0_02,03,04,05,06,09,11,13,15,16,18,19,21,22,23,25,29,30,31,32,33-2,3,4,5,6
hqdm_0_0_hqdm_0_1_0_02,03,04,05,06,09,10,11,13,14,15,16,17,18,19,20,21,22,25,29,30,31,32,33-2,3,4,5,6
hqdm_0_0_hqdm_0_1_0_02,04,05,06,08,10,11,13,14,15,16,17,18,20,21,23,24,25,26,27,28,29,30,32-2,3,4,5,6
hqdm_0_0_hqdm_0_1_0_01,02,03,05,07,08,09,10,12,14,15,16,17,18,19,20,22,23,24,25,26,27,31,33-2,3,4,5,6
hqdm_0_0_hqdm_0_1_0_01,02,04,05,07,09,10,12,13,14,16,19,20,21,22,23,24,25,26,27,28,30,31,32-2,3,4,5,6
hqdm_0_0_hqdm_0_1_0_02,04,05,07,09,10,12,13,14,16,18,19,20,21,23,24,25,26,27,28,30,31,32,33-2,3,4,5,6
hqdm_0_0_hqdm_0_1_0_01,03,04,05,06,07,08,09,10,15,17,18,19,20,21,23,24,26,27,29,32,33-2,3,4,5,6
hqdm_0_0_hqdm_0_1_0_01,02,03,04,05,06,07,08,09,10,14,15,17,18,19,20,21,23,24,26,27,29,32,33-2,3,4,5,6
hqdm_0_0_hqdm_0_1_0_01,02,03,04,05,06,07,08,11,12,13,17,18,20,22,23,24,26,27,28,30,31,32,33-2,3,4,5,6
hqdm_0_0_hqdm_0_1_0_01,02,03,05,06,07,09,11,13,14,15,16,18,19,21,22,23,24,25,26,29,30,32,33-2,3,4,5,6
hqdm_0_0_hqdm_0_1_0_03,05,06,07,08,09,10,11,12,13,14,15,16,17,18,19,20,21,25,26,29,30,31,32-2,3,4,5,6
hqdm_0_0_hqdm_0_1_0_02,03,04,05,06,07,09,10,12,14,15,16,18,19,20,21,23,24,25,26,28,29,31,33-2,3,4,5,6
hqdm_0_0_hqdm_0_1_0_01,02,04,05,07,08,09,10,12,13,14,15,16,18,19,20,21,23,24,27,28,31,32,33-2,3,4,5,6
hqdm_0_0_hqdm_0_1_0_01,02,03,05,06,07,08,09,10,13,14,15,17,18,19,22,23,25,26,27,28,29,32,33-2,3,4,5,6
hqdm_0_0_hqdm_0_1_0_01,02,03,05,06,07,09,10,13,14,15,17,18,19,20,22,23,25,27,28,29,31,32,33-2,3,4,5,6
hqdm_0_0_hqdm_0_1_0_01,02,03,04,07,08,09,11,12,13,14,16,18,20,21,22,23,25,27,28,29,30,31,33-2,3,4,5,6
hqdm_0_0_hqdm_0_1_0_01,02,03,04,07,08,11,12,13,14,16,18,20,21,22,23,26,27,28,29,30,32,33-2,3,4,5,6
hqdm_0_0_hqdm_0_1_0_01,02,04,06,07,08,09,11,12,13,14,18,20,21,22,23,25,26,27,28,29,30,32,33-2,3,4,5,6
hqdm_0_0_hqdm_0_1_0_03,04,05,07,08,09,10,11,12,13,14,15,17,18,19,21,22,24,26,27,29,30,31,32-2,3,4,5,6
hqdm_0_0_hqdm_0_1_0_02,03,04,06,07,08,09,14,15,16,17,18,19,20,21,22,23,24,26,27,29,30,31,33-2,3,4,5,6
hqdm_0_0_hqdm_0_1_0_02,04,05,06,07,08,09,10,14,15,16,17,18,19,21,22,24,25,26,27,28,29,31,32-2,3,4,5,6
hqdm_0_0_hqdm_0_1_0_01,02,03,05,06,07,09,10,13,14,15,17,18,19,20,23,24,26,28,29,30,31,32,33-2,3,4,5,6
hqdm_0_0_hqdm_0_1_0_01,02,03,05,07,08,09,10,11,12,13,14,15,17,19,20,21,23,24,27,28,30,32,33-2,3,4,5,6
hqdm_0_0_hqdm_0_1_0_01,02,04,05,07,08,09,10,11,12,13,14,15,17,19,20,21,23,24,27,28,30,32,33-2,3,4,5,6
hqdm_0_0_hqdm_0_1_0_01,02,03,04,05,06,07,08,09,11,12,15,16,17,18,19,20,22,24,25,27,29,30,32-2,3,4,5,6
hqdm_0_0_hqdm_0_1_0_01,02,03,04,06,07,08,09,10,11,16,17,18,19,20,22,24,25,27,29,30,31,32,33-2,3,4,5,6
hqdm_0_0_hqdm_0_1_0_02,03,05,06,07,11,12,14,15,16,19,20,21,22,23,24,25,26,27,28,29,30,32,33-2,3,4,5,6
hqdm_0_0_hqdm_0_1_0_01,02,03,08,10,11,13,15,16,17,18,19,20,21,22,23,24,25,27,28,29,30,31,33-2,3,4,5,6
hqdm_0_0_hqdm_0_1_0_02,03,04,05,07,08,09,11,12,13,15,16,17,18,19,20,21,23,24,27,29,31,32-2,3,4,5,6
hqdm_0_0_hqdm_0_1_0_01,02,03,04,05,08,09,10,12,13,14,16,17,18,21,23,24,25,26,28,29,30,31,33-2,3,4,5,6
hqdm_0_0_hqdm_0_1_0_01,04,06,07,08,09,10,12,13,14,15,16,17,18,21,22,24,25,26,28,29,30,31,33-2,3,4,5,6
hqdm_0_0_hqdm_0_1_0_01,03,05,07,10,11,12,13,14,15,16,17,19,20,21,22,24,25,26,27,28,29,31,33-2,3,4,5,6
hqdm_0_0_hqdm_0_1_0_01,02,03,05,07,10,11,12,13,14,15,16,17,19,20,21,22,24,25,26,27,29,31,33-2,3,4,5,6
hqdm_0_0_hqdm_0_1_0_01,02,03,04,07,08,10,11,12,13,14,15,16,17,19,20,21,22,23,27,29,31,32,33-2,3,4,5,6
hqdm_0_0_hqdm_0_1_0_01,02,03,04,07,08,10,11,12,13,14,15,17,19,20,21,22,23,26,27,29,31,32,33-2,3,4,5,6
hqdm_0_0_hqdm_0_1_0_01,03,04,05,06,07,08,09,10,11,13,14,15,16,18,19,20,22,23,24,26,28,30,31-2,3,4,5,6
hqdm_0_0_hqdm_0_1_0_03,04,05,06,07,08,09,10,11,13,14,15,16,18,19,20,22,23,24,26,28,30,31,32-2,3,4,5,6
hqdm_0_0_hqdm_0_1_0_01,02,05,06,07,08,09,10,11,13,15,17,18,19,20,23,24,25,26,27,28,29,32,33-2,3,4,5,6
hqdm_0_0_hqdm_0_1_0_02,04,05,06,07,08,09,10,11,13,15,17,18,19,20,23,24,25,26,27,29,32,33-2,3,4,5,6
hqdm_0_0_hqdm_0_1_0_02,04,05,06,07,08,09,10,11,13,16,17,18,19,20,21,23,24,25,27,29,30,32,33-2,3,4,5,6
hqdm_0_0_hqdm_0_1_0_01,02,03,04,05,06,07,08,09,10,11,12,13,15,16,17,19,21,24,25,26,27,28,33-2,3,4,5,6
hqdm_0_0_hqdm_0_1_0_01,02,03,04,05,07,09,10,11,12,15,18,19,20,21,23,24,25,26,27,28,29,32,33-2,3,4,5,6
hqdm_0_0_hqdm_0_1_0_01,04,05,06,07,09,10,11,13,14,15,16,18,19,20,21,22,23,25,26,27,28,30,32-2,3,4,5,6
hqdm_0_0_hqdm_0_1_0_02,03,04,06,07,08,09,11,12,14,16,18,19,20,21,22,23,24,25,27,28,31,32,33-2,3,4,5,6
hqdm_0_0_hqdm_0_1_0_02,05,06,08,09,10,11,12,15,16,17,18,19,20,21,22,23,24,26,28,29,30,31,32-2,3,4,5,6
hqdm_0_0_hqdm_0_1_0_02,05,06,08,09,10,11,12,15,16,17,18,19,20,21,22,24,26,28,29,30,31,32,33-2,3,4,5,6
hqdm_0_0_hqdm_0_1_0_02,03,04,05,06,07,08,10,11,12,13,14,15,16,17,18,20,21,23,24,26,30,32,33-2,3,4,5,6
hqdm_0_0_hqdm_0_1_0_02,03,06,07,10,11,12,13,14,15,16,17,18,19,20,21,23,24,25,27,29,30,31,32-2,3,4,5,6
hqdm_0_0_hqdm_0_1_0_02,03,06,10,11,12,13,14,15,16,17,18,19,20,21,23,24,27,29,30,31,32,33-2,3,4,5,6
hqdm_0_0_hqdm_0_1_0_01,02,04,05,06,07,09,11,12,13,14,15,16,18,22,24,25,26,27,28,29,31,32,33-2,3,4,5,6
hqdm_0_0_hqdm_0_1_0_02,03,04,05,06,07,09,11,12,13,14,16,18,22,24,25,26,27,28,29,31,32,33-2,3,4,5,6
hqdm_0_0_hqdm_0_1_0_01,04,05,06,07,10,12,13,14,15,16,17,20,21,22,23,26,28,29,30,31,32,33-2,3,4,5,6
hqdm_0_0_hqdm_0_1_0_01,03,04,05,07,08,10,12,13,14,15,16,17,20,21,22,23,24,28,29,30,31,32,33-2,3,4,5,6
hqdm_0_0_hqdm_0_1_0_01,02,03,04,05,06,09,10,12,13,15,18,19,21,22,23,25,26,27,28,29,30,32,33-2,3,4,5,6
hqdm_0_0_hqdm_0_1_0_01,02,03,04,06,07,11,12,14,15,16,17,18,21,23,25,26,27,28,29,30,31,32-2,3,4,5,6
hqdm_0_0_hqdm_0_1_0_01,02,03,04,07,08,09,10,11,12,15,16,17,18,19,21,23,25,26,27,29,30,31,32-2,3,4,5,6
hqdm_0_0_hqdm_0_1_0_01,02,03,04,05,07,08,09,10,11,15,16,17,18,19,23,24,25,26,27,28,31,32-2,3,4,5,6
hqdm_0_0_hqdm_0_1_0_01,02,03,04,05,06,07,08,09,10,13,14,15,16,17,19,22,23,24,25,27,28,29-2,3,4,5,6
hqdm_0_0_hqdm_0_1_0_01,02,03,04,05,06,07,08,09,10,13,15,16,17,19,22,23,24,25,27,28,29,32-2,3,4,5,6
hqdm_0_0_hqdm_0_1_0_01,03,04,06,09,10,11,13,14,15,16,17,18,19,20,22,23,25,26,27,28,29,32,33-2,3,4,5,6
hqdm_0_0_hqdm_0_1_0_04,05,07,08,09,10,11,12,13,14,15,16,18,20,21,22,24,25,26,28,29,31,33-2,3,4,5,6
hqdm_0_0_hqdm_0_1_0_01,02,03,04,05,07,08,09,11,13,14,15,17,18,19,21,22,25,27,28,30,31,32,33-2,3,4,5,6
hqdm_0_0_hqdm_0_1_0_01,02,03,04,05,06,08,09,11,13,15,16,17,18,20,21,23,25,27,28,30,31,32,33-2,3,4,5,6
hqdm_0_0_hqdm_0_1_0_01,02,03,04,05,06,08,09,11,13,15,16,17,18,20,21,22,23,25,27,28,30,32,33-2,3,4,5,6
hqdm_0_0_hqdm_0_1_0_01,02,03,04,05,08,09,11,13,15,16,17,18,19,20,21,22,23,25,27,28,29,30,33-2,3,4,5,6
hqdm_0_0_hqdm_0_1_0_01,02,03,04,05,08,09,11,13,14,15,16,17,18,19,20,21,22,23,26,27,29,30,33-2,3,4,5,6
hqdm_0_0_hqdm_0_1_0_01,02,03,04,06,07,10,11,12,14,15,16,17,19,20,21,24,25,26,27,28,29,30,31-2,3,4,5,6
hqdm_0_0_hqdm_0_1_0_02,03,05,06,07,08,10,11,12,13,15,17,18,20,23,24,25,26,28,29,30,31,32,33-2,3,4,5,6
hqdm_0_0_hqdm_0_1_0_01,02,03,04,06,07,09,10,12,14,15,17,18,19,20,23,24,25,27,28,29,30,31,32-2,3,4,5,6
hqdm_0_0_hqdm_0_1_0_01,02,03,04,06,07,09,10,11,12,14,15,17,18,19,20,23,24,25,27,28,30,31,32-2,3,4,5,6
hqdm_0_0_hqdm_0_1_0_01,02,03,04,05,06,07,11,13,14,16,17,18,19,21,24,25,26,27,28,29,30,32,33-2,3,4,5,6
hqdm_0_0_hqdm_0_1_0_01,02,04,05,06,09,10,11,12,13,14,15,16,17,18,21,22,23,25,26,28,29,30,33-2,3,4,5,6
hqdm_0_0_hqdm_0_1_0_02,03,05,06,07,09,10,11,12,13,14,15,16,17,18,19,21,22,23,24,28,29,30,31-2,3,4,5,6
hqdm_0_0_hqdm_0_1_0_01,02,03,05,06,08,09,11,12,13,15,16,17,18,19,20,21,22,23,26,28,29,31,33-2,3,4,5,6
hqdm_0_0_hqdm_0_1_0_01,02,03,04,05,06,08,10,13,14,15,17,21,22,23,24,25,26,27,28,29,31,32,33-2,3,4,5,6
hqdm_0_0_hqdm_0_1_0_01,02,03,04,05,06,07,08,10,11,13,14,15,17,19,20,22,23,25,26,28,29,31,33-2,3,4,5,6
hqdm_0_0_hqdm_0_1_0_01,03,04,05,07,08,10,13,14,15,16,17,18,19,21,23,24,25,26,27,28,29,30,31-2,3,4,5,6
hqdm_0_0_hqdm_0_1_0_01,03,04,05,07,08,10,13,14,15,16,17,18,19,20,21,23,25,26,27,28,29,30,31-2,3,4,5,6
hqdm_0_0_hqdm_0_1_0_02,04,06,07,08,09,10,11,13,14,15,16,18,19,20,21,24,25,27,28,29,30,31,32-2,3,4,5,6
hqdm_0_0_hqdm_0_1_0_01,02,03,05,06,07,08,09,10,14,15,17,18,20,21,22,23,24,26,27,28,30,31,33-2,3,4,5,6
hqdm_0_0_hqdm_0_1_0_01,02,03,04,05,06,07,09,12,13,14,15,18,20,22,24,25,26,27,28,29,30,31,33-2,3,4,5,6
hqdm_0_0_hqdm_0_1_0_02,03,05,06,08,09,10,11,12,14,15,16,19,20,23,24,25,26,27,28,29,31,32,33-2,3,4,5,6
hqdm_0_0_hqdm_0_1_0_03,05,06,08,09,10,11,12,14,15,16,19,20,24,25,26,27,28,29,30,31,32,33-2,3,4,5,6
hqdm_0_0_hqdm_0_1_0_03,06,07,08,09,10,11,12,14,15,16,18,19,20,24,25,27,28,29,30,31,32,33-2,3,4,5,6
hqdm_0_0_hqdm_0_1_0_03,06,07,08,09,10,11,12,13,14,15,16,18,19,20,24,25,27,28,29,30,31,32,33-2,3,4,5,6
hqdm_0_0_hqdm_0_1_0_02,04,05,06,07,08,09,11,12,13,14,16,18,19,20,21,22,23,25,27,30,31,32,33-2,3,4,5,6
hqdm_0_0_hqdm_0_1_0_01,02,04,05,08,10,11,12,13,14,15,16,17,18,19,20,23,24,26,27,28,30,32,33-2,3,4,5,6
hqdm_0_0_hqdm_0_1_0_01,02,03,04,06,08,09,10,11,13,14,17,18,19,20,21,23,25,26,27,29,30,31,32-2,3,4,5,6
hqdm_0_0_hqdm_0_1_0_01,02,03,04,06,08,09,10,11,13,14,17,18,19,20,21,23,25,26,27,29,31,32-2,3,4,5,6
hqdm_0_0_hqdm_0_1_0_01,02,04,05,06,07,08,10,12,13,14,16,18,19,21,24,25,26,27,28,29,30,31,33-2,3,4,5,6
hqdm_0_0_hqdm_0_1_0_01,03,04,07,09,12,13,15,16,17,18,19,20,21,23,24,25,26,27,28,29,30,31,32-2,3,4,5,6
hqdm_0_0_hqdm_0_1_0_02,05,08,10,11,12,13,14,15,17,18,19,20,21,22,23,24,25,26,27,28,30,31,33-2,3,4,5,6
hqdm_0_0_hqdm_0_1_0_01,02,03,05,06,07,08,10,11,12,13,14,15,16,17,19,21,24,26,27,30,32,33-2,3,4,5,6
hqdm_0_0_hqdm_0_1_0_01,02,03,04,05,06,07,08,10,11,12,13,14,15,16,17,19,20,21,24,26,27,30,33-2,3,4,5,6
hqdm_0_0_hqdm_0_1_0_01,02,03,04,05,06,07,08,10,11,12,13,14,15,16,19,20,21,24,26,27,30,33-2,3,4,5,6
hqdm_0_0_hqdm_0_1_0_03,04,06,07,09,10,11,14,16,17,18,19,20,21,22,24,25,26,29,30,31,32,33-2,3,4,5,6
hqdm_0_0_hqdm_0_1_0_03,04,06,09,10,11,14,16,17,18,19,20,21,22,24,25,26,29,30,31,32,33-2,3,4,5,6
hqdm_0_0_hqdm_0_1_0_02,03,04,06,09,10,11,14,16,17,18,19,20,21,22,24,25,26,29,30,31,32,33-2,3,4,5,6
hqdm_0_0_hqdm_0_1_0_01,02,03,04,06,07,09,10,11,14,16,17,19,20,22,24,25,26,27,28,29,30,31,32-2,3,4,5,6
hqdm_0_0_hqdm_0_1_0_01,02,03,04,06,07,09,10,11,14,16,17,19,20,22,23,24,25,27,28,29,30,31,32-2,3,4,5,6
hqdm_0_0_hqdm_0_1_0_01,02,04,05,06,07,08,10,11,13,14,16,17,18,19,20,21,22,23,26,27,29,30,33-2,3,4,5,6
hqdm_0_0_hqdm_0_1_0_01,02,04,05,06,08,09,10,13,15,16,17,18,19,20,22,24,26,27,29,30,31,32,33-2,3,4,5,6
hqdm_0_0_hqdm_0_1_0_01,02,03,04,05,06,08,09,10,15,16,17,18,19,22,24,26,27,29,30,31,32,33-2,3,4,5,6
hqdm_0_0_hqdm_0_1_0_02,03,05,07,08,10,12,13,15,17,18,19,21,22,23,24,25,27,28,29,30,31,32,33-2,3,4,5,6
hqdm_0_0_hqdm_0_1_0_02,03,05,07,08,09,10,12,13,15,17,18,19,21,22,23,25,27,28,29,30,31,32,33-2,3,4,5,6
hqdm_0_0_hqdm_0_1_0_02,03,05,06,07,08,09,10,12,13,15,17,18,19,21,22,23,25,27,28,29,30,31,33-2,3,4,5,6
hqdm_0_0_hqdm_0_1_0_02,03,05,06,07,08,09,10,12,14,15,17,18,19,21,22,23,25,27,28,29,30,31,33-2,3,4,5,6
hqdm_0_0_hqdm_0_1_0_04,06,07,08,09,11,12,13,14,15,16,17,18,19,22,25,26,27,28,29,30,31,32,33-2,3,4,5,6
hqdm_0_0_hqdm_0_1_0_01,03,04,05,06,07,08,10,11,12,14,15,16,18,21,22,23,26,27,28,29,30,31,33-2,3,4,5,6
hqdm_0_0_hqdm_0_1_0_02,03,04,05,06,07,08,10,11,12,16,17,19,20,23,24,25,26,27,28,29,30,32,33-2,3,4,5,6
hqdm_0_0_hqdm_0_1_0_02,04,05,06,07,08,09,10,12,13,14,15,18,19,20,21,22,24,25,27,28,31,32,33-2,3,4,5,6
hqdm_0_0_hqdm_0_1_0_02,03,04,05,06,07,08,10,11,13,14,15,16,19,20,21,22,23,25,26,27,28,30,33-2,3,4,5,6
hqdm_0_0_hqdm_0_1_0_01,02,03,04,05,06,07,08,11,13,14,15,17,18,19,21,22,24,25,27,28,29,31,32-2,3,4,5,6
hqdm_0_0_hqdm_0_1_0_01,02,03,04,05,06,07,08,11,13,14,15,17,18,19,21,22,24,25,27,28,29,30,31-2,3,4,5,6
hqdm_0_0_hqdm_0_1_0_01,03,04,05,06,07,08,11,13,14,15,17,19,20,22,24,25,27,28,29,30,31-2,3,4,5,6
hqdm_0_0_hqdm_0_1_0_01,03,04,05,06,07,08,11,12,13,14,15,17,19,20,22,24,25,27,28,29,30,31-2,3,4,5,6
hqdm_0_0_hqdm_0_1_0_01,03,05,06,07,08,11,12,13,14,15,17,19,20,22,24,25,27,28,29,30,31,32-2,3,4,5,6
hqdm_0_0_hqdm_0_1_0_01,03,05,06,07,08,11,12,13,14,15,17,19,20,22,24,25,26,27,28,29,30,31,32-2,3,4,5,6
hqdm_0_0_hqdm_0_1_0_01,02,03,04,05,06,09,10,11,13,15,16,17,20,21,22,23,24,26,28,29,30,31,33-2,3,4,5,6
hqdm_0_0_hqdm_0_1_0_01,02,03,04,05,06,09,10,13,14,15,16,17,20,21,22,23,26,27,28,29,30,31,33-2,3,4,5,6
hqdm_0_0_hqdm_0_1_0_04,05,07,08,09,12,13,14,15,16,17,18,20,21,23,24,25,26,27,28,29,30,31,33-2,3,4,5,6
hqdm_0_0_hqdm_0_1_0_01,02,03,04,05,06,08,10,13,15,16,19,20,22,23,24,26,27,28,29,30,31,32,33-2,3,4,5,6
hqdm_0_0_hqdm_0_1_0_01,02,03,04,05,06,08,09,10,11,13,14,18,20,21,22,23,24,27,28,30,31,32,33-2,3,4,5,6
hqdm_0_0_hqdm_0_1_0_01,02,03,04,05,06,09,10,11,13,14,17,18,20,21,22,23,24,27,28,30,31,32,33-2,3,4,5,6
hqdm_0_0_hqdm_0_1_0_01,02,04,05,06,07,08,09,10,11,12,13,14,15,16,19,20,21,22,23,25,27,28,32-2,3,4,5,6
hqdm_0_0_hqdm_0_1_0_01,04,05,06,07,08,09,10,11,12,13,14,15,16,19,20,21,22,23,25,27,28,29,32-2,3,4,5,6
hqdm_0_0_hqdm_0_1_0_01,04,05,06,07,08,09,10,12,13,14,15,16,19,20,21,22,23,25,27,28,29,32-2,3,4,5,6
hqdm_0_0_hqdm_0_1_0_01,04,05,06,07,09,10,12,13,14,15,16,19,20,21,22,25,26,27,28,29,31,32-2,3,4,5,6
hqdm_0_0_hqdm_0_1_0_01,04,05,06,07,09,10,13,14,15,16,19,20,21,22,24,25,26,27,28,29,31,32-2,3,4,5,6
hqdm_0_0_hqdm_0_1_0_01,02,04,05,06,07,09,10,11,13,14,15,16,19,22,24,25,26,27,28,29,31,32-2,3,4,5,6
hqdm_0_0_hqdm_0_1_0_01,02,04,05,06,07,08,09,10,11,13,14,15,16,19,22,24,25,26,27,29,31,32-2,3,4,5,6
hqdm_0_0_hqdm_0_1_0_01,02,04,06,07,08,09,10,11,12,13,14,15,16,19,22,23,24,25,26,27,28,31,32-2,3,4,5,6
hqdm_0_0_hqdm_0_1_0_04,05,06,07,08,09,10,11,12,13,14,18,19,20,22,23,24,25,26,27,30,31,32,33-2,3,4,5,6
hqdm_0_0_hqdm_0_1_0_01,02,03,04,06,07,08,09,10,11,12,13,14,15,17,19,20,24,26,27,30,31,32,33-2,3,4,5,6
hqdm_0_0_hqdm_0_1_0_01,02,03,04,05,07,08,09,10,12,13,14,16,19,21,22,23,24,25,27,29,31,32,33-2,3,4,5,6
hqdm_0_0_hqdm_0_1_0_01,02,03,04,05,06,07,08,10,12,13,14,16,19,21,22,23,24,25,27,29,31,32,33-2,3,4,5,6
hqdm_0_0_hqdm_0_1_0_01,02,03,04,05,06,07,08,10,12,13,14,16,17,21,22,23,24,25,27,29,31,32,33-2,3,4,5,6
hqdm_0_0_hqdm_0_1_0_02,03,04,06,07,08,09,11,12,13,14,16,18,19,21,22,24,25,26,27,28,31,32,33-2,3,4,5,6
hqdm_0_0_hqdm_0_1_0_02,03,04,06,07,08,09,11,12,13,14,16,19,21,22,24,26,27,28,29,31,32,33-2,3,4,5,6
hqdm_0_0_hqdm_0_1_0_01,02,03,05,06,07,08,09,11,12,13,15,16,17,18,19,20,22,23,25,28,29,30,33-2,3,4,5,6
hqdm_0_0_hqdm_0_1_0_02,03,04,05,06,07,09,10,11,12,13,14,15,16,19,21,22,24,26,27,28,31,32,33-2,3,4,5,6
hqdm_0_0_hqdm_0_1_0_02,03,04,05,06,08,09,10,11,12,13,14,15,16,19,21,22,25,26,27,28,31,32,33-2,3,4,5,6
hqdm_0_0_hqdm_0_1_0_02,03,04,05,06,07,08,10,11,14,15,16,17,18,20,21,23,25,26,27,30,31,32,33-2,3,4,5,6
hqdm_0_0_hqdm_0_1_0_02,03,04,05,06,07,08,09,11,14,15,16,17,18,20,21,23,26,27,28,30,31,32,33-2,3,4,5,6
hqdm_0_0_hqdm_0_1_0_02,03,04,05,06,07,08,09,11,14,15,16,17,18,20,21,23,26,27,28,31,32,33-2,3,4,5,6
hqdm_0_0_hqdm_0_1_0_02,03,04,05,06,07,08,09,10,11,12,13,14,15,16,18,20,21,22,23,28,29,31-2,3,4,5,6
hqdm_0_0_hqdm_0_1_0_02,03,04,05,07,08,09,10,11,12,13,14,15,16,18,20,21,22,23,28,29,30,31,33-2,3,4,5,6
hqdm_0_0_hqdm_0_1_0_02,03,04,05,07,08,10,11,12,13,14,15,16,18,20,21,22,23,27,28,29,30,31,33-2,3,4,5,6
hqdm_0_0_hqdm_0_1_0_01,02,03,05,06,07,08,09,10,11,13,14,15,17,19,20,21,22,23,27,28,29,31,33-2,3,4,5,6
hqdm_0_0_hqdm_0_1_0_01,02,03,04,06,08,09,11,13,14,15,17,18,19,20,23,24,25,26,27,29,30,31,32-2,3,4,5,6
hqdm_0_0_hqdm_0_1_0_01,03,04,06,07,08,09,10,12,13,15,16,18,19,20,21,22,25,27,28,29,30,31,33-2,3,4,5,6
hqdm_0_0_hqdm_0_1_0_01,02,04,05,06,07,08,10,11,12,13,14,18,20,21,22,24,25,27,28,30,31,32,33-2,3,4,5,6
hqdm_0_0_hqdm_0_1_0_01,05,06,07,08,10,11,13,14,15,18,20,21,22,23,24,25,26,27,28,29,30,31,33-2,3,4,5,6
hqdm_0_0_hqdm_0_1_0_02,03,04,05,07,10,11,12,13,14,15,16,17,18,20,21,22,23,26,27,29,30,31-2,3,4,5,6
hqdm_0_0_hqdm_0_1_0_02,03,05,06,07,08,10,11,12,13,14,15,16,18,19,20,21,23,24,26,27,31,32,33-2,3,4,5,6
hqdm_0_0_hqdm_0_1_0_01,03,04,05,06,08,09,10,13,14,16,18,20,21,22,23,24,27,28,29,30,31,32,33-2,3,4,5,6
hqdm_0_0_hqdm_0_1_0_01,03,04,05,07,08,09,10,12,13,14,15,16,17,19,21,22,25,26,27,28,29,32,33-2,3,4,5,6
hqdm_0_0_hqdm_0_1_0_01,03,04,05,07,09,11,12,13,14,15,16,18,19,20,21,22,23,24,25,27,30,31,32-2,3,4,5,6
hqdm_0_0_hqdm_0_1_0_01,02,03,06,07,08,09,10,11,13,14,15,18,19,20,21,22,25,26,27,28,31,32,33-2,3,4,5,6
hqdm_0_0_hqdm_0_1_0_01,02,03,06,07,08,09,10,11,13,14,15,17,18,19,20,21,22,25,27,28,31,32,33-2,3,4,5,6
hqdm_0_0_hqdm_0_1_0_01,02,03,05,06,07,08,09,10,11,13,14,17,19,20,21,22,23,25,27,28,31,33-2,3,4,5,6
hqdm_0_0_hqdm_0_1_0_01,02,03,04,05,08,09,10,11,14,15,16,19,20,21,22,24,26,27,28,29,30,31,32-2,3,4,5,6
hqdm_0_0_hqdm_0_1_0_01,02,04,05,06,07,08,13,14,15,16,17,18,19,21,22,24,25,26,27,28,30,31,33-2,3,4,5,6
hqdm_0_0_hqdm_0_1_0_01,02,04,05,06,07,08,13,14,15,16,17,18,19,21,22,24,25,26,27,29,30,31,33-2,3,4,5,6
hqdm_0_0_hqdm_0_1_0_01,03,04,06,07,09,10,11,12,13,14,15,16,17,19,22,24,25,26,27,28,31,32,33-2,3,4,5,6
hqdm_0_0_hqdm_0_1_0_01,02,03,04,06,07,09,10,12,13,14,15,16,18,19,20,21,22,23,24,26,27,28,33-2,3,4,5,6
hqdm_0_0_hqdm_0_1_0_01,02,03,04,06,07,09,10,11,12,14,15,16,18,19,21,22,24,26,27,28,29,32,33-2,3,4,5,6
hqdm_0_0_hqdm_0_1_0_02,03,04,05,06,07,09,10,11,12,14,15,16,18,19,21,22,24,26,27,28,29,32,33-2,3,4,5,6
hqdm_0_0_hqdm_0_1_0_01,02,03,04,06,07,08,09,12,13,15,16,17,18,19,20,21,22,24,25,28,29,32,33-2,3,4,5,6
hqdm_0_0_hqdm_0_1_0_01,02,05,06,07,08,09,10,11,13,14,15,16,18,19,21,22,25,26,27,28,30,32,33-2,3,4,5,6
hqdm_0_0_hqdm_0_1_0_01,04,06,07,08,09,10,11,12,13,15,16,17,18,20,21,23,26,27,28,29,30,32,33-2,3,4,5,6
hqdm_0_0_hqdm_0_1_0_01,02,03,04,05,07,08,09,10,11,14,15,16,17,19,20,21,23,24,25,26,29,32,33-2,3,4,5,6
hqdm_0_0_hqdm_0_1_0_01,02,03,04,06,07,09,10,11,13,14,15,16,18,19,20,22,24,26,28,29,31,32,33-2,3,4,5,6
hqdm_0_0_hqdm_0_1_0_01,03,04,05,07,08,09,10,11,12,13,14,15,18,19,21,23,24,25,27,28,29,32,33-2,3,4,5,6
hqdm_0_0_hqdm_0_1_0_01,04,05,07,08,09,11,12,13,14,15,16,18,19,20,22,24,25,26,27,28,30,31,32-2,3,4,5,6
hqdm_0_0_hqdm_0_1_0_04,05,06,07,08,09,11,12,13,14,15,16,18,19,20,22,24,25,26,27,28,30,31,32-2,3,4,5,6
hqdm_0_0_hqdm_0_1_0_04,05,06,07,08,09,11,12,13,14,15,16,18,19,20,22,24,27,28,30,31,32-2,3,4,5,6
hqdm_0_0_hqdm_0_1_0_04,05,06,07,08,09,11,12,13,14,15,16,18,19,20,22,24,27,28,30,31,32,33-2,3,4,5,6
hqdm_0_0_hqdm_0_1_0_04,05,06,07,08,09,11,12,13,14,15,16,18,19,20,22,24,27,28,29,30,31,33-2,3,4,5,6
hqdm_0_0_hqdm_0_1_0_01,03,04,06,07,09,10,11,12,13,14,15,16,17,20,21,22,24,25,28,30,31,32,33-2,3,4,5,6
hqdm_0_0_hqdm_0_1_0_01,02,04,05,08,09,10,11,12,13,14,15,16,17,18,20,21,23,24,25,26,27,30,31-2,3,4,5,6
hqdm_0_0_hqdm_0_1_0_01,03,04,06,07,08,09,11,12,13,14,16,17,18,20,22,24,25,27,28,30,31,32,33-2,3,4,5,6
hqdm_0_0_hqdm_0_1_0_01,02,04,05,06,07,08,09,10,13,14,15,18,19,20,21,23,24,26,27,28,29,30,32-2,3,4,5,6
hqdm_0_0_hqdm_0_1_0_01,02,04,05,06,07,08,09,10,13,14,15,16,18,19,20,21,23,24,25,27,28,30,32-2,3,4,5,6
hqdm_0_0_hqdm_0_1_0_02,03,04,05,06,07,08,09,10,11,13,14,15,17,20,21,22,24,25,27,28,30,32,33-2,3,4,5,6
hqdm_0_0_hqdm_0_1_0_01,02,03,04,06,07,08,09,10,11,13,14,15,18,20,21,22,24,25,27,28,30,32,33-2,3,4,5,6
hqdm_0_0_hqdm_0_1_0_01,02,03,04,08,10,11,12,13,14,15,16,17,19,20,21,22,23,24,26,29,30,31,33-2,3,4,5,6
hqdm_0_0_hqdm_0_1_0_01,02,03,04,10,11,12,13,14,15,16,17,18,19,20,21,22,24,26,27,29,30,31,33-2,3,4,5,6
hqdm_0_0_hqdm_0_1_0_01,02,04,05,10,11,12,13,15,16,18,19,20,21,22,23,24,25,26,27,29,30,31,33-2,3,4,5,6
hqdm_0_0_hqdm_0_1_0_01,02,04,05,07,10,11,12,13,15,16,18,19,20,21,23,24,25,26,27,29,30,31,33-2,3,4,5,6
hqdm_0_0_hqdm_0_1_0_01,02,03,04,05,06,07,08,10,11,12,13,16,18,19,20,21,23,24,25,27,29,31,32-2,3,4,5,6
hqdm_0_0_hqdm_0_1_0_01,02,03,04,05,06,07,09,10,12,13,14,15,16,17,18,19,21,22,23,24,25,27,32-2,3,4,5,6
hqdm_0_0_hqdm_0_1_0_03,05,06,08,09,10,11,12,13,14,15,16,19,20,21,22,24,27,28,29,30,31,32,33-2,3,4,5,6
hqdm_0_0_hqdm_0_1_0_01,02,03,04,06,07,08,09,11,14,15,16,17,18,19,20,22,23,25,27,28,30,31,33-2,3,4,5,6
hqdm_0_0_hqdm_0_1_0_01,02,04,05,08,09,10,11,12,14,15,16,17,18,19,20,22,23,25,27,28,30,31-2,3,4,5,6
hqdm_0_0_hqdm_0_1_0_01,02,04,05,08,09,10,11,12,13,14,15,16,18,19,20,22,23,25,27,28,30,31-2,3,4,5,6
hqdm_0_0_hqdm_0_1_0_01,02,04,05,08,09,10,11,12,13,14,15,18,19,20,21,22,23,25,27,28,29,30,31-2,3,4,5,6
hqdm_0_0_hqdm_0_1_0_01,02,04,05,08,09,10,11,12,13,14,15,18,20,21,22,23,25,26,27,28,29,30,31-2,3,4,5,6
hqdm_0_0_hqdm_0_1_0_01,03,04,07,08,09,12,13,14,15,16,18,19,20,21,22,24,25,27,28,29,30,32,33-2,3,4,5,6
hqdm_0_0_hqdm_0_1_0_02,03,04,05,09,10,13,15,16,17,18,19,20,21,22,23,24,25,26,28,29,30,32,33-2,3,4,5,6
hqdm_0_0_hqdm_0_1_0_01,02,03,05,06,07,08,10,11,12,13,15,17,18,23,24,25,26,27,28,29,30,31,32-2,3,4,5,6
hqdm_0_0_hqdm_0_1_0_01,02,04,07,08,09,11,12,13,14,15,16,18,19,20,21,23,25,26,27,29,30,31,33-2,3,4,5,6
hqdm_0_0_hqdm_0_1_0_02,04,07,08,09,11,12,13,14,15,16,17,18,19,20,21,23,25,26,27,29,30,31,33-2,3,4,5,6
hqdm_0_0_hqdm_0_1_0_02,04,07,08,09,11,12,13,14,15,16,17,19,20,21,23,25,26,27,30,31,32,33-2,3,4,5,6
hqdm_0_0_hqdm_0_1_0_02,04,07,08,09,10,12,13,14,15,16,17,19,20,21,22,23,25,26,27,30,31,32,33-2,3,4,5,6
hqdm_0_0_hqdm_0_1_0_01,02,03,04,06,07,08,10,12,13,14,15,16,18,20,21,23,24,26,28,29,30,33-2,3,4,5,6
hqdm_0_0_hqdm_0_1_0_01,02,03,04,06,07,08,10,12,13,14,15,16,17,18,20,21,23,24,26,28,29,30,33-2,3,4,5,6
hqdm_0_0_hqdm_0_1_0_01,02,03,04,06,07,08,09,10,12,13,14,15,17,18,20,21,23,24,26,28,29,30,33-2,3,4,5,6
hqdm_0_0_hqdm_0_1_0_01,02,03,04,05,06,07,08,10,11,12,14,15,16,18,19,21,23,25,26,27,28,29,30-2,3,4,5,6
hqdm_0_0_hqdm_0_1_0_01,02,04,06,07,09,10,11,12,14,15,17,19,20,21,22,23,25,27,28,30,31,32,33-2,3,4,5,6
hqdm_0_0_hqdm_0_1_0_01,02,03,05,06,07,08,09,10,11,13,14,18,20,21,22,23,24,26,27,29,31,32,33-2,3,4,5,6
hqdm_0_0_hqdm_0_1_0_01,02,03,05,07,08,09,10,11,12,13,14,18,20,21,22,23,24,26,27,29,31,32,33-2,3,4,5,6
hqdm_0_0_hqdm_0_1_0_01,02,03,05,07,08,09,10,11,12,13,14,16,18,20,21,22,23,24,26,27,31,32,33-2,3,4,5,6
hqdm_0_0_hqdm_0_1_0_01,02,03,04,05,06,07,11,12,13,14,16,19,21,22,23,25,26,27,28,29,30,31,33-2,3,4,5,6
hqdm_0_0_hqdm_0_1_0_01,02,03,04,05,07,08,11,12,13,14,15,16,18,19,21,22,25,26,27,28,30,31,33-2,3,4,5,6
hqdm_0_0_hqdm_0_1_0_01,02,04,05,06,07,08,10,11,12,13,15,16,18,21,22,23,24,25,27,28,31,32-2,3,4,5,6
hqdm_0_0_hqdm_0_1_0_01,02,03,04,05,06,07,08,10,11,12,13,15,16,18,21,22,23,24,25,27,31,32-2,3,4,5,6
hqdm_0_0_hqdm_0_1_0_02,03,04,05,06,09,10,11,13,14,15,16,17,18,20,21,22,23,26,28,29,30,31,32-2,3,4,5,6
hqdm_0_0_hqdm_0_1_0_01,04,05,06,07,08,09,10,11,13,14,15,16,17,18,19,21,22,23,24,27,31,33-2,3,4,5,6
hqdm_0_0_hqdm_0_1_0_01,03,04,05,06,07,08,09,10,11,13,14,15,16,17,18,19,21,22,24,27,33-2,3,4,5,6
hqdm_0_0_hqdm_0_1_0_01,03,04,05,06,07,08,09,10,13,14,15,16,17,18,19,20,21,22,23,24,27,33-2,3,4,5,6
hqdm_0_0_hqdm_0_1_0_01,03,04,05,06,07,08,09,10,12,13,14,15,16,18,19,20,22,23,24,30,31,33-2,3,4,5,6
hqdm_0_0_hqdm_0_1_0_02,03,04,05,07,08,09,10,11,13,14,15,16,18,19,20,21,22,24,27,28,30,31,32-2,3,4,5,6
hqdm_0_0_hqdm_0_1_0_02,03,04,05,07,08,09,10,11,12,13,14,15,16,18,19,20,21,24,27,28,30,31,32-2,3,4,5,6
hqdm_0_0_hqdm_0_1_0_03,04,05,06,07,08,11,12,13,14,15,16,17,19,21,22,23,26,27,28,29,30,32,33-2,3,4,5,6
hqdm_0_0_hqdm_0_1_0_03,04,05,06,07,08,11,12,13,15,16,17,19,21,22,23,26,27,28,29,30,32,33-2,3,4,5,6
hqdm_0_0_hqdm_0_1_0_01,02,03,04,07,08,09,10,11,12,13,14,15,16,17,18,19,20,21,23,27,31,32,33-2,3,4,5,6
hqdm_0_0_hqdm_0_1_0_01,02,03,04,07,08,09,11,12,13,14,16,17,18,19,20,21,24,26,27,29,31,32,33-2,3,4,5,6
hqdm_0_0_hqdm_0_1_0_01,02,04,05,06,09,12,13,14,15,16,17,19,20,21,22,24,25,26,28,29,30,31,32-2,3,4,5,6
hqdm_0_0_hqdm_0_1_0_01,02,05,06,08,10,11,12,13,14,15,16,18,19,20,21,22,23,24,25,27,28,29,33-2,3,4,5,6
hqdm_0_0_hqdm_0_1_0_01,04,05,06,08,10,11,12,13,14,16,18,20,21,22,23,24,25,26,27,28,29,30,33-2,3,4,5,6
hqdm_0_0_hqdm_0_1_0_02,04,05,06,07,08,09,10,11,12,13,14,15,16,17,18,19,21,23,24,26,27,32,33-2,3,4,5,6
hqdm_0_0_hqdm_0_1_0_01,02,03,04,05,06,08,11,16,17,18,19,20,21,23,24,25,26,27,29,30,31,32-2,3,4,5,6
hqdm_0_0_hqdm_0_1_0_03,04,06,07,08,09,10,12,13,14,15,18,19,20,22,23,24,25,26,27,29,30,32,33-2,3,4,5,6
hqdm_0_0_hqdm_0_1_0_01,02,03,04,05,06,07,08,09,10,11,12,14,16,18,20,21,23,25,27,28,30,32,33-2,3,4,5,6
hqdm_0_0_hqdm_0_1_0_02,04,05,06,07,08,09,10,11,12,13,14,15,18,19,20,23,26,27,28,29,30,31,32-2,3,4,5,6
hqdm_0_0_hqdm_0_1_0_02,03,04,06,07,08,10,11,12,14,15,17,20,21,22,23,25,26,28,29,30,31,32,33-2,3,4,5,6
hqdm_0_0_hqdm_0_1_0_02,03,04,06,07,08,10,11,12,14,15,16,17,20,21,22,25,26,28,29,30,31,32,33-2,3,4,5,6
hqdm_0_0_hqdm_0_1_0_02,03,04,06,07,08,09,10,11,12,14,15,16,17,20,21,22,25,26,28,29,30,31,32-2,3,4,5,6
hqdm_0_0_hqdm_0_1_0_01,02,03,04,06,07,08,09,10,11,13,14,17,18,19,20,23,24,25,26,27,28,30,32-2,3,4,5,6
hqdm_0_0_hqdm_0_1_0_01,02,06,07,08,09,10,11,13,14,17,18,19,20,22,23,24,25,26,27,28,30,32-2,3,4,5,6
hqdm_0_0_hqdm_0_1_0_02,04,05,06,08,09,10,12,13,14,15,16,18,19,20,22,23,26,27,28,30,31,32,33-2,3,4,5,6
hqdm_0_0_hqdm_0_1_0_02,04,05,08,09,10,11,12,13,14,15,17,19,20,21,22,23,24,26,27,29,31,32,33-2,3,4,5,6
hqdm_0_0_hqdm_0_1_0_01,02,03,06,08,09,10,11,12,14,15,16,17,18,19,23,24,25,26,29,30,31,32,33-2,3,4,5,6
hqdm_0_0_hqdm_0_1_0_01,03,04,05,06,07,08,09,10,12,15,16,17,18,19,21,22,23,24,25,27,28,30,32-2,3,4,5,6
hqdm_0_0_hqdm_0_1_0_01,05,06,07,08,09,11,12,13,14,16,18,19,20,21,22,23,24,27,28,30,31,32,33-2,3,4,5,6
hqdm_0_0_hqdm_0_1_0_02,03,06,07,08,09,10,11,12,14,15,18,19,20,21,24,25,26,27,28,29,30,32,33-2,3,4,5,6
hqdm_0_0_hqdm_0_1_0_01,04,06,07,09,10,11,12,13,14,15,16,17,18,20,24,25,26,27,28,29,31,33-2,3,4,5,6
hqdm_0_0_hqdm_0_1_0_01,04,05,06,07,08,09,10,11,12,13,14,15,16,18,21,22,24,26,27,28,31,32,33-2,3,4,5,6
hqdm_0_0_hqdm_0_1_0_03,04,05,08,09,10,12,13,14,15,17,18,19,20,21,22,23,24,25,26,27,28,30,33-2,3,4,5,6
hqdm_0_0_hqdm_0_1_0_03,05,08,09,10,12,13,14,15,16,17,18,19,20,21,22,23,24,25,26,27,28,30,33-2,3,4,5,6
hqdm_0_0_hqdm_0_1_0_03,04,05,06,07,08,09,10,11,12,13,14,15,18,19,21,23,24,27,28,29,30,31,32-2,3,4,5,6
hqdm_0_0_hqdm_0_1_0_02,04,05,06,07,08,09,10,11,12,13,14,15,16,17,18,19,20,25,27,29,30,31,33-2,3,4,5,6
hqdm_0_0_hqdm_0_1_0_02,03,04,05,06,07,08,09,10,11,12,13,14,15,16,17,18,19,20,25,29,30,31,33-2,3,4,5,6
hqdm_0_0_hqdm_0_1_0_02,03,04,05,06,07,08,09,10,11,12,13,14,15,16,17,18,19,20,25,28,29,30,33-2,3,4,5,6
hqdm_0_0_hqdm_0_1_0_02,03,04,05,06,07,10,11,12,13,15,16,18,19,20,21,25,27,28,29,30,31,32,33-2,3,4,5,6
hqdm_0_0_hqdm_0_1_0_01,02,03,05,07,08,11,12,13,14,17,18,20,21,22,23,25,26,27,29,30,31,32,33-2,3,4,5,6
hqdm_0_0_hqdm_0_1_0_01,04,05,06,07,08,09,10,11,12,14,15,16,17,18,20,21,22,23,24,25,26,29,30-2,3,4,5,6
hqdm_0_0_hqdm_0_1_0_01,04,05,06,07,08,09,10,11,12,14,15,16,17,18,20,21,22,24,25,26,29,30-2,3,4,5,6
hqdm_0_0_hqdm_0_1_0_01,02,04,05,06,07,08,09,10,12,14,15,16,17,18,22,23,24,25,26,29,31,32-2,3,4,5,6
hqdm_0_0_hqdm_0_1_0_01,02,03,04,06,07,08,09,10,12,14,15,16,17,18,23,24,25,26,29,31,32-2,3,4,5,6
hqdm_0_0_hqdm_0_1_0_01,02,03,04,06,07,08,09,10,11,12,14,15,16,17,18,20,23,24,26,29,31,32-2,3,4,5,6
hqdm_0_0_hqdm_0_1_0_01,02,03,04,06,07,08,09,10,11,12,14,15,16,17,18,20,23,24,26,27,29,31,32-2,3,4,5,6
hqdm_0_0_hqdm_0_1_0_01,02,03,04,06,07,08,09,10,11,12,14,15,16,17,20,23,24,26,27,28,29,31,32-2,3,4,5,6
hqdm_0_0_hqdm_0_1_0_01,03,04,06,07,08,09,10,11,12,14,16,17,20,23,24,26,27,28,29,32-2,3,4,5,6
hqdm_0_0_hqdm_0_1_0_01,03,04,06,07,08,09,10,11,12,14,16,17,18,20,23,24,26,27,28,30,31,32-2,3,4,5,6
hqdm_0_0_hqdm_0_1_0_01,03,04,06,07,08,09,10,11,12,14,16,17,18,19,20,23,24,26,27,28,30,31,32-2,3,4,5,6
hqdm_0_0_hqdm_0_1_0_01,03,04,06,08,09,10,11,12,14,16,17,18,19,20,23,24,26,27,28,30,31,32-2,3,4,5,6
hqdm_0_0_hqdm_0_1_0_01,02,03,08,09,10,11,12,13,14,15,16,17,18,19,20,23,24,26,27,28,30,31,32-2,3,4,5,6
hqdm_0_0_hqdm_0_1_0_03,05,06,07,09,10,11,12,14,16,17,18,20,21,22,23,24,25,26,27,28,29,31,33-2,3,4,5,6
hqdm_0_0_hqdm_0_1_0_02,03,05,06,07,08,10,11,12,14,16,17,18,20,21,22,23,24,25,26,27,29,31,33-2,3,4,5,6
hqdm_0_0_hqdm_0_1_0_01,02,05,06,07,08,11,12,14,16,17,18,19,21,22,24,25,26,27,28,29,30,31,33-2,3,4,5,6
hqdm_0_0_hqdm_0_1_0_01,02,03,04,05,06,08,10,11,12,13,14,15,16,19,20,21,22,25,26,28,29,30,33-2,3,4,5,6
hqdm_0_0_hqdm_0_1_0_02,03,04,05,07,08,09,10,11,12,13,14,18,20,21,24,25,26,28,29,30,31,32,33-2,3,4,5,6
hqdm_0_0_hqdm_0_1_0_01,02,03,05,06,09,10,11,12,13,14,15,16,20,21,22,23,24,26,27,28,29,32,33-2,3,4,5,6
hqdm_0_0_hqdm_0_1_0_02,03,05,06,09,10,11,12,13,14,15,16,20,21,22,23,24,25,26,27,28,29,32,33-2,3,4,5,6
hqdm_0_0_hqdm_0_1_0_01,02,03,04,06,07,10,11,12,14,15,16,18,19,20,21,24,26,27,28,29,31,32-2,3,4,5,6
hqdm_0_0_hqdm_0_1_0_01,02,03,04,06,07,10,11,12,14,15,16,18,19,20,21,24,25,26,27,28,29,31,32-2,3,4,5,6
hqdm_0_0_hqdm_0_1_0_04,05,06,07,08,09,10,11,12,13,14,15,16,19,20,21,22,23,25,26,27,28,29,31-2,3,4,5,6
hqdm_0_0_hqdm_0_1_0_01,02,03,04,08,09,11,12,13,14,15,19,21,23,24,26,27,28,29,30,31,32,33-2,3,4,5,6
hqdm_0_0_hqdm_0_1_0_01,02,03,04,06,07,08,09,11,12,13,14,15,19,20,21,23,26,28,29,30,31,32,33-2,3,4,5,6
hqdm_0_0_hqdm_0_1_0_02,03,04,05,07,08,09,10,11,12,14,17,18,19,21,22,24,26,27,28,30,31,32,33-2,3,4,5,6
hqdm_0_0_hqdm_0_1_0_01,03,04,05,06,07,08,12,14,15,17,20,21,23,24,25,26,28,29,30,31,33-2,3,4,5,6
hqdm_0_0_hqdm_0_1_0_01,03,04,05,06,07,08,12,14,15,17,19,20,21,22,24,25,26,28,29,30,31,33-2,3,4,5,6
hqdm_0_0_hqdm_0_1_0_01,02,03,04,05,07,08,10,11,12,14,16,17,18,20,21,23,25,26,27,29,30,31,33-2,3,4,5,6
hqdm_0_0_hqdm_0_1_0_02,03,04,05,06,07,08,09,10,12,13,15,16,17,18,19,21,22,24,27,28,29,30,32-2,3,4,5,6
hqdm_0_0_hqdm_0_1_0_02,03,05,06,07,08,10,12,14,15,16,18,19,20,23,24,25,26,27,30,31,32,33-2,3,4,5,6
hqdm_0_0_hqdm_0_1_0_02,03,05,06,07,08,12,13,14,15,16,17,18,19,20,23,24,25,26,27,30,31,32,33-2,3,4,5,6
hqdm_0_0_hqdm_0_1_0_02,03,05,06,07,08,09,12,13,14,15,16,17,18,19,20,24,25,26,27,30,31,32,33-2,3,4,5,6
hqdm_0_0_hqdm_0_1_0_03,04,05,06,07,08,09,10,11,12,13,14,15,16,18,21,22,23,24,26,28,29,30,33-2,3,4,5,6
hqdm_0_0_hqdm_0_1_0_03,04,06,08,09,10,12,13,15,16,18,19,20,21,22,23,24,26,28,29,30,33-2,3,4,5,6
hqdm_0_0_hqdm_0_1_0_03,06,08,09,10,12,13,15,16,17,18,19,20,21,22,23,24,26,27,28,29,30,33-2,3,4,5,6
hqdm_0_0_hqdm_0_1_0_03,06,08,09,10,12,13,14,15,16,17,18,19,20,21,22,23,24,26,27,28,29,30,33-2,3,4,5,6
hqdm_0_0_hqdm_0_1_0_03,06,08,09,10,12,13,14,15,16,17,18,19,20,21,22,23,24,26,27,28,29,30-2,3,4,5,6
hqdm_0_0_hqdm_0_1_0_03,06,08,09,10,12,13,14,15,16,17,18,19,20,21,22,23,24,26,27,28,29,31-2,3,4,5,6
hqdm_0_0_hqdm_0_1_0_01,02,03,04,06,07,10,12,13,14,15,16,17,18,19,20,22,24,25,26,27,29,32-2,3,4,5,6
hqdm_0_0_hqdm_0_1_0_01,02,03,04,06,07,10,12,13,14,15,17,18,19,20,22,23,24,25,26,27,29,30,32-2,3,4,5,6
hqdm_0_0_hqdm_0_1_0_02,03,04,06,07,10,12,13,14,15,17,18,19,20,21,22,23,25,26,27,28,29,30,32-2,3,4,5,6
hqdm_0_0_hqdm_0_1_0_02,03,04,05,06,07,10,12,13,14,17,18,19,20,21,22,23,25,26,27,28,29,30,32-2,3,4,5,6
hqdm_0_0_hqdm_0_1_0_01,03,05,06,07,08,09,10,11,12,14,15,16,18,20,21,23,24,25,26,27,29,30,33-2,3,4,5,6
hqdm_0_0_hqdm_0_1_0_02,03,05,06,07,08,09,10,11,12,13,14,15,16,18,20,21,23,24,26,27,29,30,33-2,3,4,5,6
hqdm_0_0_hqdm_0_1_0_01,02,03,05,06,07,08,10,11,12,13,14,15,16,18,20,21,22,23,24,27,29,30,33-2,3,4,5,6
hqdm_0_0_hqdm_0_1_0_02,03,04,06,07,08,09,10,13,15,16,17,18,19,22,23,24,25,26,27,28,29,32,33-2,3,4,5,6
hqdm_0_0_hqdm_0_1_0_02,03,04,05,06,07,08,09,10,13,15,16,18,19,22,23,24,25,26,28,29,31,32,33-2,3,4,5,6
hqdm_0_0_hqdm_0_1_0_01,03,05,06,07,10,11,12,13,14,17,18,19,20,22,23,25,26,27,28,29,30,31,32-2,3,4,5,6
hqdm_0_0_hqdm_0_1_0_01,02,03,04,05,06,07,10,11,12,13,15,16,18,19,20,22,23,24,27,28,29,31,32-2,3,4,5,6
hqdm_0_0_hqdm_0_1_0_01,02,03,04,05,07,10,12,13,15,16,17,18,19,20,22,23,24,27,28,29,31,32-2,3,4,5,6
hqdm_0_0_hqdm_0_1_0_01,02,03,04,05,07,10,12,13,14,15,16,17,18,19,20,22,23,24,27,29,30,31,32-2,3,4,5,6
hqdm_0_0_hqdm_0_1_0_01,02,03,04,05,07,10,12,13,14,15,16,17,19,20,22,23,24,27,30,31,32-2,3,4,5,6
hqdm_0_0_hqdm_0_1_0_01,02,03,04,07,08,10,12,13,14,15,16,17,19,20,21,22,23,24,27,29,30,31,32-2,3,4,5,6
hqdm_0_0_hqdm_0_1_0_01,02,04,05,06,08,09,10,11,12,13,14,16,17,19,20,21,22,25,26,27,28,29,33-2,3,4,5,6
hqdm_0_0_hqdm_0_1_0_01,02,05,06,07,09,10,11,12,13,14,15,17,18,21,22,23,24,27,28,29,31,32,33-2,3,4,5,6
hqdm_0_0_hqdm_0_1_0_01,02,06,07,08,09,10,11,12,13,14,15,17,18,21,22,23,24,27,28,29,31,32,33-2,3,4,5,6
hqdm_0_0_hqdm_0_1_0_01,02,03,05,06,08,09,10,11,12,13,14,16,17,18,19,21,24,25,26,27,28,31,32-2,3,4,5,6
hqdm_0_0_hqdm_0_1_0_01,03,04,05,06,07,10,11,12,13,14,15,16,18,20,22,23,24,25,27,29,30,31,32-2,3,4,5,6
hqdm_0_0_hqdm_0_1_0_01,03,04,05,06,07,10,11,12,13,14,16,20,21,22,23,24,25,27,29,30,31,32-2,3,4,5,6
hqdm_0_0_hqdm_0_1_0_01,03,04,06,07,10,11,12,13,14,16,20,21,22,23,24,25,27,29,30,31,32,33-2,3,4,5,6
hqdm_0_0_hqdm_0_1_0_01,03,04,06,07,10,11,12,13,14,15,16,20,21,22,23,24,25,27,29,30,31,32,33-2,3,4,5,6
hqdm_0_0_hqdm_0_1_0_01,02,03,04,06,07,08,12,13,14,17,18,19,22,24,25,26,27,28,29,30,31,32,33-2,3,4,5,6
hqdm_0_0_hqdm_0_1_0_01,02,06,07,08,09,10,11,14,17,18,19,20,21,22,23,24,25,27,28,29,30,32,33-2,3,4,5,6
hqdm_0_0_hqdm_0_1_0_01,02,03,05,06,07,08,09,10,11,12,13,14,15,16,19,20,22,23,26,29,30,31,33-2,3,4,5,6
hqdm_0_0_hqdm_0_1_0_02,03,04,06,07,08,10,11,12,13,16,17,18,20,21,22,23,25,26,27,28,29,30,32-2,3,4,5,6
hqdm_0_0_hqdm_0_1_0_02,03,04,06,07,08,10,11,12,13,16,17,18,20,21,23,25,26,27,28,29,30,31,32-2,3,4,5,6
hqdm_0_0_hqdm_0_1_0_01,02,03,04,06,07,08,11,12,13,16,17,18,20,21,23,25,26,27,28,29,30,31,32-2,3,4,5,6
hqdm_0_0_hqdm_0_1_0_02,03,05,06,07,09,10,11,12,13,14,15,16,19,20,21,22,23,28,29,30,31,32,33-2,3,4,5,6
hqdm_0_0_hqdm_0_1_0_01,03,05,06,07,10,11,12,13,14,15,16,17,20,21,22,24,25,26,27,28,30,32,33-2,3,4,5,6
hqdm_0_0_hqdm_0_1_0_01,02,04,05,06,08,09,10,11,12,13,15,16,17,18,20,23,25,26,27,28,29,32,33-2,3,4,5,6
hqdm_0_0_hqdm_0_1_0_01,03,05,07,08,09,11,13,14,15,16,17,18,20,21,22,23,25,26,27,28,29,30,33-2,3,4,5,6
hqdm_0_0_hqdm_0_1_0_01,03,05,07,08,09,11,13,14,15,16,17,18,20,21,22,23,25,26,27,28,29,30-2,3,4,5,6
hqdm_0_0_hqdm_0_1_0_01,03,04,06,07,08,09,10,11,13,14,15,16,19,20,22,26,27,29,30,31,32,33-2,3,4,5,6
hqdm_0_0_hqdm_0_1_0_01,03,04,05,06,07,08,09,10,11,13,14,15,16,20,22,24,27,28,29,30,31,32,33-2,3,4,5,6
hqdm_0_0_hqdm_0_1_0_01,02,03,04,05,06,09,11,12,15,16,17,18,20,21,22,23,24,25,26,27,29,30,32-2,3,4,5,6
hqdm_0_0_hqdm_0_1_0_03,04,05,06,07,08,09,10,11,12,13,14,15,16,18,20,21,22,23,25,26,30,31,33-2,3,4,5,6
hqdm_0_0_hqdm_0_1_0_01,02,03,04,05,07,08,09,13,14,15,16,18,19,21,22,23,24,25,27,28,29,31-2,3,4,5,6
hqdm_0_0_hqdm_0_1_0_01,02,03,04,05,07,08,09,10,13,14,15,16,18,19,21,22,23,24,25,27,28,29,31-2,3,4,5,6
hqdm_0_0_hqdm_0_1_0_02,03,04,05,06,07,08,09,10,11,13,14,15,16,17,18,21,22,23,24,26,27,31,33-2,3,4,5,6
hqdm_0_0_hqdm_0_1_0_03,04,06,07,08,09,10,11,13,14,15,16,17,18,19,21,22,23,24,27,29,31,32,33-2,3,4,5,6
hqdm_0_0_hqdm_0_1_0_01,02,03,04,05,06,07,09,10,13,15,17,18,19,20,21,22,23,24,25,27,28,29,32-2,3,4,5,6
hqdm_0_0_hqdm_0_1_0_01,02,03,04,05,06,07,09,10,13,15,17,18,19,20,21,22,23,24,25,26,28,29,32-2,3,4,5,6
hqdm_0_0_hqdm_0_1_0_01,03,04,05,06,07,08,09,10,12,13,14,15,17,18,20,21,22,23,24,26,28,30,33-2,3,4,5,6
hqdm_0_0_hqdm_0_1_0_01,02,04,07,08,09,10,11,12,13,14,15,16,18,19,21,22,23,24,27,28,29,31,33-2,3,4,5,6
hqdm_0_0_hqdm_0_1_0_02,03,05,06,08,10,12,13,14,15,16,17,19,20,21,22,23,24,25,26,27,28,29,31-2,3,4,5,6
hqdm_0_0_hqdm_0_1_0_02,04,05,06,08,10,12,13,14,15,16,17,19,20,21,22,23,24,25,26,27,28,29,31-2,3,4,5,6
hqdm_0_0_hqdm_0_1_0_03,04,05,06,08,09,10,12,15,16,18,20,21,23,24,26,27,28,29,30,31,32,33-2,3,4,5,6
hqdm_0_0_hqdm_0_1_0_01,02,03,05,06,07,08,10,11,13,14,15,16,17,19,21,22,24,26,27,29,30,31,32-2,3,4,5,6
hqdm_0_0_hqdm_0_1_0_02,03,04,08,09,10,11,12,13,14,15,16,17,19,21,22,24,25,26,27,28,30,31-2,3,4,5,6
hqdm_0_0_hqdm_0_1_0_02,03,04,08,09,10,11,12,14,15,16,17,18,19,21,22,24,25,26,27,28,30,31-2,3,4,5,6
hqdm_0_0_hqdm_0_1_0_02,03,04,08,09,10,12,13,14,15,16,17,18,19,21,22,24,25,26,27,28,30,31-2,3,4,5,6
hqdm_0_0_hqdm_0_1_0_01,02,04,08,09,10,13,14,15,16,17,18,19,21,22,24,25,26,27,28,30,31,33-2,3,4,5,6
hqdm_0_0_hqdm_0_1_0_01,02,03,04,08,09,10,13,14,15,16,17,18,19,21,22,24,25,26,27,28,30,31,33-2,3,4,5,6
hqdm_0_0_hqdm_0_1_0_01,04,05,06,07,10,11,12,13,14,16,17,18,19,20,22,24,26,27,28,29,30,32,33-2,3,4,5,6
hqdm_0_0_hqdm_0_1_0_03,04,05,06,07,09,10,11,12,13,15,16,17,19,20,21,22,23,24,25,26,27,28,33-2,3,4,5,6
hqdm_0_0_hqdm_0_1_0_03,04,05,06,07,09,10,11,12,13,15,16,17,19,20,21,23,24,25,26,28,30,31-2,3,4,5,6
hqdm_0_0_hqdm_0_1_0_03,04,05,06,07,09,10,11,12,13,14,15,16,17,19,20,21,23,24,25,26,28,30,31-2,3,4,5,6
hqdm_0_0_hqdm_0_1_0_01,03,04,05,06,07,08,09,10,12,13,14,15,16,18,19,21,23,24,26,27,30,31,33-2,3,4,5,6
hqdm_0_0_hqdm_0_1_0_01,03,04,06,07,08,09,12,13,14,15,16,18,19,20,21,22,24,26,27,28,29,30,33-2,3,4,5,6
hqdm_0_0_hqdm_0_1_0_01,02,03,04,05,06,07,10,11,13,14,17,19,20,21,22,23,24,26,27,28,30,31,33-2,3,4,5,6
hqdm_0_0_hqdm_0_1_0_01,02,03,04,05,06,07,10,11,13,14,17,19,20,21,22,23,25,26,27,28,30,31,33-2,3,4,5,6
hqdm_0_0_hqdm_0_1_0_01,03,04,05,06,07,10,11,13,14,17,19,20,21,22,23,25,26,27,28,30,31,33-2,3,4,5,6
hqdm_0_0_hqdm_0_1_0_01,03,04,05,06,07,10,11,13,14,17,19,20,21,22,23,25,26,28,29,30,31,33-2,3,4,5,6
hqdm_0_0_hqdm_0_1_0_02,03,05,06,07,08,09,10,11,12,13,14,15,16,17,20,21,22,27,28,29,30,31,32-2,3,4,5,6
hqdm_0_0_hqdm_0_1_0_02,03,05,06,08,11,12,13,14,15,17,18,19,20,21,23,24,25,27,28,29,31,32,33-2,3,4,5,6
hqdm_0_0_hqdm_0_1_0_01,02,03,04,05,06,07,10,11,12,15,16,17,18,19,20,22,24,26,27,29,31,32,33-2,3,4,5,6
hqdm_0_0_hqdm_0_1_0_01,02,03,04,05,06,07,10,11,12,13,15,16,17,18,19,20,22,24,26,27,31,32,33-2,3,4,5,6
hqdm_0_0_hqdm_0_1_0_01,02,03,04,05,06,07,10,11,12,13,14,15,16,17,19,20,22,24,26,27,31,32,33-2,3,4,5,6
hqdm_0_0_hqdm_0_1_0_01,02,03,04,05,06,07,10,11,12,13,14,15,16,17,19,20,23,24,26,27,31,32,33-2,3,4,5,6
hqdm_0_0_hqdm_0_1_0_02,03,05,06,07,10,11,12,13,14,15,16,18,19,20,23,24,26,27,29,31,32,33-2,3,4,5,6
hqdm_0_0_hqdm_0_1_0_02,05,06,07,10,11,12,13,14,15,16,18,19,20,23,24,26,27,28,29,31,32,33-2,3,4,5,6
hqdm_0_0_hqdm_0_1_0_01,02,03,05,08,09,10,11,12,13,14,15,17,18,19,21,22,23,24,26,27,28,30,32-2,3,4,5,6
hqdm_0_0_hqdm_0_1_0_02,03,04,05,06,07,08,09,13,14,15,16,17,18,20,22,23,24,25,26,27,29,30,32-2,3,4,5,6
hqdm_0_0_hqdm_0_1_0_02,03,04,06,07,08,09,11,12,13,14,16,18,19,20,21,22,24,25,28,29,31,32,33-2,3,4,5,6
hqdm_0_0_hqdm_0_1_0_01,02,03,04,05,07,08,09,10,11,13,14,16,17,19,20,22,23,26,29,30,31,32,33-2,3,4,5,6
hqdm_0_0_hqdm_0_1_0_01,04,05,06,07,08,09,10,13,14,15,16,17,18,19,20,23,24,25,28,30,31,32,33-2,3,4,5,6
hqdm_0_0_hqdm_0_1_0_02,04,06,07,08,09,10,11,13,14,15,16,18,19,20,21,22,23,25,26,27,28,32,33-2,3,4,5,6

