01,02,03,04,05,06,07,08,09,10,11,12,13,14,15,16,17,18,19,20,21,22,23,24,25,26,27,28,29,30,31,32,33:

hqdm_0_0_hqdm_0_1_0_05,10,16,18,21,27,31,33,01,07,08,09,13,14,17,23,24,26,30-1,2,3,4,5,6
hqdm_0_0_hqdm_0_1_0_01,10,20,25,28,02,04,05,06,07,08,11,12,16,19,24,31,32,33-1,2,3,4,5,6
hqdm_0_0_hqdm_0_1_0_01,13,25,30,31,04,06,07,08,09,12,14,16,17,18,19,20,32,33-1,2,3,4,5,6
hqdm_0_0_hqdm_0_1_0_05,20,22,26,27,28,31,33,01,02,06,09,10,12,13,19,29,32-1,2,3,4,5,6
hqdm_0_0_hqdm_0_1_0_01,12,13,22,33,02,03,07,09,15,17,19,23,24,27,28,30,31-1,2,3,4,5,6
hqdm_0_0_hqdm_0_1_0_02,04,15,16,18,33,01,03,06,07,09,10,11,12,19,20,21,28,30-1,2,3,4,5,6
hqdm_0_0_hqdm_0_1_0_05,09,11,13,14,25,27,33,03,08,15,16,18,20,21,22,24,26,31-1,2,3,4,5,6
hqdm_0_0_hqdm_0_1_0_02,10,19,21,26,31,01,06,07,11,12,16,18,22,24,27,28,30,33-1,2,3,4,5,6
hqdm_0_0_hqdm_0_1_0_01,09,12,17,33,02,06,13,16,19,20,21,22,23,24,26,27,29,31-1,2,3,4,5,6
hqdm_0_0_hqdm_0_1_0_06,11,18,20,22,29,33,02,04,10,12,15,17,21,23,26,27,28,31-1,2,3,4,5,6
hqdm_0_0_hqdm_0_1_0_06,07,11,16,22,27,30,32,02,04,05,08,09,15,17,23,28-1,2,3,4,5,6
hqdm_0_0_hqdm_0_1_0_09,10,11,12,13,31,01,02,03,04,05,16,18,19,21,22,29,30,32-1,2,3,4,5,6
hqdm_0_0_hqdm_0_1_0_03,06,07,11,13,14,27,31,02,05,15,17,20,21,22,23,25,30,33-1,2,3,4,5,6
hqdm_0_0_hqdm_0_1_0_05,12,13,21,28,30,31,02,03,06,08,11,14,16,17,20,22,24,32-1,2,3,4,5,6
hqdm_0_0_hqdm_0_1_0_01,05,08,10,22,23,31,02,03,13,14,17,19,24,25,27,30-1,2,3,4,5,6
hqdm_0_0_hqdm_0_1_0_11,12,28,33,01,02,04,07,16,19,20,21,23,29,30,31,32-1,2,3,4,5,6
hqdm_0_0_hqdm_0_1_0_03,08,09,10,17,18,20,28,32,01,05,07,13,21,22,26,30,31-1,2,3,4,5,6
hqdm_0_0_hqdm_0_1_0_03,10,15,19,21,23,28,01,02,05,06,11,24,25,27,29,30-1,2,3,4,5,6
hqdm_0_0_hqdm_0_1_0_03,17,19,25,02,05,06,08,09,10,11,15,20,21,23,28,33-1,2,3,4,5,6
hqdm_0_0_hqdm_0_1_0_03,06,07,08,23,25,26,27,28,32,01,05,12,13,14,21,29,31,33-1,2,3,4,5,6
hqdm_0_0_hqdm_0_1_0_01,09,11,15,18,21,30,02,04,05,06,07,12,17,20,22,31-1,2,3,4,5,6
hqdm_0_0_hqdm_0_1_0_06,12,14,22,23,31,04,05,10,11,17,21,24,26,27,28,30-1,2,3,4,5,6
hqdm_0_0_hqdm_0_1_0_06,08,11,18,23,31,02,04,05,10,12,19,20,24,25,27,28,30-1,2,3,4,5,6
hqdm_0_0_hqdm_0_1_0_04,12,14,17,18,24,30,33,02,05,13,16,20,21,25,27,28,29,32-1,2,3,4,5,6
hqdm_0_0_hqdm_0_1_0_01,08,13,20,25,27,29,02,07,09,10,12,19,22,30,31,32-1,2,3,4,5,6
hqdm_0_0_hqdm_0_1_0_07,12,18,21,32,33,02,04,05,08,13,14,16,17,25,26,27,29,31-1,2,3,4,5,6
hqdm_0_0_hqdm_0_1_0_02,07,09,12,17,21,27,31,01,05,08,10,11,13,14,22,24,25,29-1,2,3,4,5,6
hqdm_0_0_hqdm_0_1_0_03,05,06,11,17,21,22,23,01,02,04,07,09,12,13,19,20,24,30-1,2,3,4,5,6
hqdm_0_0_hqdm_0_1_0_03,06,13,14,15,19,20,26,27,01,02,09,12,21,24,25,30,32-1,2,3,4,5,6
hqdm_0_0_hqdm_0_1_0_03,07,15,16,17,27,31,01,05,06,08,09,13,20,21,23,32-1,2,3,4,5,6
hqdm_0_0_hqdm_0_1_0_09,15,19,20,24,28,31,03,08,10,13,14,16,21,23,25,26,32,33-1,2,3,4,5,6
hqdm_0_0_hqdm_0_1_0_10,13,14,16,23,29,31,33,02,03,04,08,11,12,15,17,19,21,22-1,2,3,4,5,6
hqdm_0_0_hqdm_0_1_0_04,05,07,11,16,17,25,28,01,02,10,13,18,23,24,27,30,32,33-1,2,3,4,5,6
hqdm_0_0_hqdm_0_1_0_01,03,04,10,13,16,20,21,22,23,24,29,30,33,14,19,31-1,2,3,4,5,6
hqdm_0_0_hqdm_0_1_0_01,05,11,12,13,16,20,21,22,24,25,26,30,31,08,10,27,28-1,2,3,4,5,6
hqdm_0_0_hqdm_0_1_0_01,02,06,08,10,12,13,16,17,18,19,22,30,33,09,21,24-1,2,3,4,5,6
hqdm_0_0_hqdm_0_1_0_02,07,09,10,12,16,21,25,27,28,31,01,08,13,14,24,30-1,2,3,4,5,6
hqdm_0_0_hqdm_0_1_0_01,06,07,08,14,15,16,20,27,29,32,09,11,12,17,22,25-1,2,3,4,5,6
hqdm_0_0_hqdm_0_1_0_01,06,08,09,11,13,15,16,21,22,24,27,29,32,19,23,30-1,2,3,4,5,6
hqdm_0_0_hqdm_0_1_0_03,04,10,12,15,18,19,20,21,23,31,32,33,01,09,17,28-1,2,3,4,5,6
hqdm_0_0_hqdm_0_1_0_04,06,07,08,09,10,11,14,19,20,23,24,32,33,18,27,29-1,2,3,4,5,6
hqdm_0_0_hqdm_0_1_0_01,02,03,04,07,09,11,12,16,17,20,21,26,27,29,13,28,32-1,2,3,4,5,6
hqdm_0_0_hqdm_0_1_0_02,04,08,10,11,13,15,16,17,25,26,30,32,33,05,07,19-1,2,3,4,5,6
hqdm_0_0_hqdm_0_1_0_01,02,04,07,12,14,15,21,22,25,29,30,33,06,11,19,23-1,2,3,4,5,6
hqdm_0_0_hqdm_0_1_0_01,02,03,04,07,08,10,12,13,16,17,19,24,27,30,32,05,18-1,2,3,4,5,6
hqdm_0_0_hqdm_0_1_0_04,05,06,09,10,11,14,16,19,21,28,31,03,17,18,24,33-1,2,3,4,5,6
hqdm_0_0_hqdm_0_1_0_04,05,09,10,11,13,14,19,23,25,26,27,28,29,30,15,22-1,2,3,4,5,6
hqdm_0_0_hqdm_0_1_0_02,03,06,08,09,14,15,18,20,21,22,23,33,10,12,31,32-1,2,3,4,5,6
hqdm_0_0_hqdm_0_1_0_01,05,08,13,14,18,19,20,21,25,28,30,32,04,26,29,33-1,2,3,4,5,6
hqdm_0_0_hqdm_0_1_0_03,05,14,22,29,30,04,09,10,11,12,15,16,20,24,25,27,28,32-1,2,3,4,5,6
hqdm_0_0_hqdm_0_1_0_01,04,06,07,08,22,28,30,02,05,09,12,13,17,26,27,31-1,2,3,4,5,6
hqdm_0_0_hqdm_0_1_0_01,02,03,08,10,11,15,16,19,23,33,04,07,12,24,27,32-1,2,3,4,5,6
hqdm_0_0_hqdm_0_1_0_06,07,08,16,18,19,20,22,26,30,03,10,11,14,17,24,25,28,33-1,2,3,4,5,6
hqdm_0_0_hqdm_0_1_0_03,12,15,17,20,22,26,27,33,02,10,19,21,24,25,28,29-1,2,3,4,5,6
hqdm_0_0_hqdm_0_1_0_02,04,10,12,17,21,22,33,03,08,09,11,19,24,25,26,29,31,32-1,2,3,4,5,6
hqdm_0_0_hqdm_0_1_0_01,03,08,14,17,19,31,32,05,06,18,20,22,23,25,27,28,29,30-1,2,3,4,5,6
hqdm_0_0_hqdm_0_1_0_04,07,10,11,12,16,17,18,21,23,28,30,31,03,06,24,27,33-1,2,3,4,5,6
hqdm_0_0_hqdm_0_1_0_02,03,04,05,12,13,21,31,01,06,10,11,19,20,24,26,27,30,33-1,2,3,4,5,6
hqdm_0_0_hqdm_0_1_0_01,02,03,06,09,13,22,25,26,28,04,10,16,19,21,27,29,30,32-1,2,3,4,5,6
hqdm_0_0_hqdm_0_1_0_02,04,12,13,15,18,20,22,01,03,07,10,16,19,25,26,29,33-1,2,3,4,5,6
hqdm_0_0_hqdm_0_1_0_05,15,17,18,26,33,02,07,09,10,12,16,21,25,27,28,31-1,2,3,4,5,6
hqdm_0_0_hqdm_0_1_0_02,07,10,12,14,15,16,26,33,08,09,17,20,22,24,25,27,28,32-1,2,3,4,5,6
hqdm_0_0_hqdm_0_1_0_05,06,08,12,23,29,33,01,03,04,07,09,16,18,25,26,31,32-1,2,3,4,5,6
hqdm_0_0_hqdm_0_1_0_02,10,19,21,24,26,01,06,07,08,14,15,16,20,27,29,32-1,2,3,4,5,6
hqdm_0_0_hqdm_0_1_0_02,06,11,14,20,23,28,30,01,05,08,13,15,19,22,27,29-1,2,3,4,5,6
hqdm_0_0_hqdm_0_1_0_06,07,13,26,27,29,03,04,10,12,15,18,19,20,21,23,31,32,33-1,2,3,4,5,6
hqdm_0_0_hqdm_0_1_0_01,07,13,14,19,25,28,33,03,06,09,12,15,18,20,22,24,29,31-1,2,3,4,5,6
hqdm_0_0_hqdm_0_1_0_02,03,07,09,10,15,19,23,28,32,04,05,06,16,18,25,26,27,29-1,2,3,4,5,6
hqdm_0_0_hqdm_0_1_0_03,06,08,14,17,21,24,27,32,01,02,05,10,15,18,19,22,29,30-1,2,3,4,5,6
hqdm_0_0_hqdm_0_1_0_05,09,10,13,26,28,01,02,04,07,12,14,15,21,22,25,29,30,33-1,2,3,4,5,6
hqdm_0_0_hqdm_0_1_0_06,08,11,12,20,25,27,28,33,01,05,09,15,19,22,30,31,32-1,2,3,4,5,6
hqdm_0_0_hqdm_0_1_0_02,06,08,09,10,15,20,21,23,25,28,07,11,26,27,29,30-1,2,3,4,5,6
hqdm_0_0_hqdm_0_1_0_03,05,08,09,18,27,28,31,32,12,13,15,17,22,29,30,33-1,2,3,4,5,6
hqdm_0_0_hqdm_0_1_0_04,05,14,22,30,31,33,01,02,03,09,10,16,18,20,24,25,27-1,2,3,4,5,6
hqdm_0_0_hqdm_0_1_0_03,07,09,10,23,24,01,05,08,13,14,18,19,20,21,25,28,30,32-1,2,3,4,5,6
hqdm_0_0_hqdm_0_1_0_09,10,11,13,22,24,28,30,01,04,06,08,14,17,18,29,31,32,33-1,2,3,4,5,6
hqdm_0_0_hqdm_0_1_0_02,12,14,18,19,22,24,29,30,01,03,04,05,06,08,15,17,31,33-1,2,3,4,5,6
hqdm_0_0_hqdm_0_1_0_01,02,07,16,21,27,28,30,03,04,05,08,14,17,18,22,29,33-1,2,3,4,5,6
hqdm_0_0_hqdm_0_1_0_04,08,09,11,15,16,17,21,22,23,29,31,01,05,06,12,19,28-1,2,3,4,5,6
hqdm_0_0_hqdm_0_1_0_03,14,15,18,19,21,23,24,25,01,04,06,07,08,22,28,30-1,2,3,4,5,6
hqdm_0_0_hqdm_0_1_0_13,16,17,23,25,27,30,33,04,06,07,09,11,18,19,21,24,28,29-1,2,3,4,5,6
hqdm_0_0_hqdm_0_1_0_09,17,18,20,22,25,28,31,01,02,03,08,10,11,15,16,19,23,33-1,2,3,4,5,6
hqdm_0_0_hqdm_0_1_0_02,04,05,09,12,13,15,29,31,06,07,08,16,18,19,20,22,26,30-1,2,3,4,5,6
hqdm_0_0_hqdm_0_1_0_04,14,16,17,20,22,26,29,01,02,05,06,11,13,23,27,28,31,33-1,2,3,4,5,6
hqdm_0_0_hqdm_0_1_0_04,05,06,26,28,02,09,10,13,15,17,19,21,24,27,30,32-1,2,3,4,5,6
hqdm_0_0_hqdm_0_1_0_05,06,14,18,22,30,01,09,10,11,12,13,23,26,28,29,32-1,2,3,4,5,6
hqdm_0_0_hqdm_0_1_0_05,14,16,23,25,26,33,01,02,06,07,08,10,19,20,22,30-1,2,3,4,5,6
hqdm_0_0_hqdm_0_1_0_01,02,13,15,18,21,25,30,04,07,11,16,17,23,27,28,32,33-1,2,3,4,5,6
hqdm_0_0_hqdm_0_1_0_01,06,08,18,21,23,30,02,04,05,10,11,13,16,19,26,32,33-1,2,3,4,5,6
hqdm_0_0_hqdm_0_1_0_09,13,15,19,23,03,05,10,11,14,16,18,24,25,26,27,31,33-1,2,3,4,5,6
hqdm_0_0_hqdm_0_1_0_01,02,19,22,04,07,10,11,12,16,17,18,21,23,28,30,31-1,2,3,4,5,6
hqdm_0_0_hqdm_0_1_0_01,07,17,21,29,03,04,05,11,13,16,19,20,25,27,30,32,33-1,2,3,4,5,6
hqdm_0_0_hqdm_0_1_0_01,03,06,10,12,20,27,29,30,02,13,14,18,24,26,28,31,33-1,2,3,4,5,6
hqdm_0_0_hqdm_0_1_0_03,04,17,18,21,24,26,31,33,02,06,11,14,20,23,28,30-1,2,3,4,5,6
hqdm_0_0_hqdm_0_1_0_08,19,22,01,02,03,05,13,16,17,18,20,23,25,27,28,29,32-1,2,3,4,5,6
hqdm_0_0_hqdm_0_1_0_20,22,29,01,02,06,07,08,09,10,16,17,19,25,28,30,32-1,2,3,4,5,6
hqdm_0_0_hqdm_0_1_0_04,07,11,16,23,28,31,33,03,06,08,14,17,21,24,27,32-1,2,3,4,5,6
hqdm_0_0_hqdm_0_1_0_03,05,17,18,19,33,02,06,08,09,10,15,20,21,23,25,28-1,2,3,4,5,6
hqdm_0_0_hqdm_0_1_0_04,10,13,18,25,32,03,06,09,12,14,15,16,17,22,24,27,29,33-1,2,3,4,5,6
hqdm_0_0_hqdm_0_1_0_04,05,11,16,18,20,02,03,07,12,15,17,19,21,23,24,25,28-1,2,3,4,5,6
hqdm_0_0_hqdm_0_1_0_07,12,13,15,17,19,21,23,26,28,04,05,14,22,30,31,33-1,2,3,4,5,6
hqdm_0_0_hqdm_0_1_0_04,05,11,16,20,24,01,02,08,13,14,15,17,18,22,26,29,32-1,2,3,4,5,6
hqdm_0_0_hqdm_0_1_0_02,21,26,28,29,33,04,07,09,10,12,18,20,22,23,24,25,31-1,2,3,4,5,6
hqdm_0_0_hqdm_0_1_0_03,10,13,14,16,21,01,04,06,07,15,19,20,23,26,28,30,31-1,2,3,4,5,6
hqdm_0_0_hqdm_0_1_0_11,12,20,22,29,02,03,05,06,08,09,21,24,25,26,27,30,31,33-1,2,3,4,5,6
hqdm_0_0_hqdm_0_1_0_12,14,17,01,03,07,09,15,18,19,22,23,24,25,26,27,33-1,2,3,4,5,6
hqdm_0_0_hqdm_0_1_0_12,14,19,27,02,04,06,07,13,15,17,20,21,24,26,28,29,33-1,2,3,4,5,6
hqdm_0_0_hqdm_0_1_0_05,07,09,12,17,23,29,02,08,13,14,21,22,25,27,28,31-1,2,3,4,5,6
hqdm_0_0_hqdm_0_1_0_02,03,08,16,17,18,24,26,27,05,06,07,10,14,22,25,28,29,30-1,2,3,4,5,6
hqdm_0_0_hqdm_0_1_0_02,05,06,08,11,19,23,12,14,17,18,20,21,22,25,26,28,29,33-1,2,3,4,5,6
hqdm_0_0_hqdm_0_1_0_07,09,10,11,13,21,23,27,02,12,14,18,19,22,24,29,30-1,2,3,4,5,6
hqdm_0_0_hqdm_0_1_0_06,09,10,12,13,19,24,26,31,32,01,02,07,16,21,27,28,30-1,2,3,4,5,6
hqdm_0_0_hqdm_0_1_0_02,03,10,13,14,24,33,04,08,09,11,15,16,17,21,22,23,29,31-1,2,3,4,5,6
hqdm_0_0_hqdm_0_1_0_01,10,13,14,20,22,25,28,05,07,08,16,17,18,23,27,30,32,33-1,2,3,4,5,6
hqdm_0_0_hqdm_0_1_0_18,33,01,02,06,13,19,21,23,26,31,03,05,14,22,29,30-1,2,3,4,5,6
hqdm_0_0_hqdm_0_1_0_01,07,13,20,28,14,15,22,08,09,11,16,19,24,25,26,30,33-1,2,3,4,5,6
hqdm_0_0_hqdm_0_1_0_22,10,25,03,05,12,13,14,31,01,08,16,20,21,24,28,33-1,2,3,4,5,6
hqdm_0_0_hqdm_0_1_0_16,33,03,14,15,18,19,21,23,24,25,01,04,06,07,08,22,28,30-1,2,3,4,5,6
hqdm_0_0_hqdm_0_1_0_11,16,31,32,01,04,05,08,18,30,03,12,15,17,20,22,26,27,33-1,2,3,4,5,6
hqdm_0_0_hqdm_0_1_0_18,20,30,05,06,07,13,16,23,27,02,04,10,12,17,21,22,33-1,2,3,4,5,6
hqdm_0_0_hqdm_0_1_0_03,08,05,06,14,18,22,30,01,09,10,11,12,13,23,26,28,29,32-1,2,3,4,5,6
hqdm_0_0_hqdm_0_1_0_01,14,30,32,02,16,29,33,05,08,09,11,13,15,20,22,23,28,31-1,2,3,4,5,6
hqdm_0_0_hqdm_0_1_0_21,32,05,14,16,23,25,26,33,01,02,06,07,08,10,19,20,22,30-1,2,3,4,5,6
hqdm_0_0_hqdm_0_1_0_04,21,26,07,10,12,15,16,24,33,01,03,08,14,17,19,31,32-1,2,3,4,5,6
hqdm_0_0_hqdm_0_1_0_14,01,02,13,15,18,21,25,30,04,07,11,16,17,23,27,28,32,33-1,2,3,4,5,6
hqdm_0_0_hqdm_0_1_0_02,01,04,13,14,11,12,18,29,32,06,07,08,19,20,24,26,27-1,2,3,4,5,6
hqdm_0_0_hqdm_0_1_0_07,22,08,14,16,18,23,25,29,32,02,03,04,05,12,13,21,31-1,2,3,4,5,6
hqdm_0_0_hqdm_0_1_0_05,07,12,20,15,18,23,24,33,01,02,03,06,09,13,22,25,26,28-1,2,3,4,5,6
hqdm_0_0_hqdm_0_1_0_15,19,28,31,03,30,01,06,07,12,13,14,16,21,22,24,26,29,32-1,2,3,4,5,6
hqdm_0_0_hqdm_0_1_0_26,29,22,01,09,10,13,16,27,03,04,08,14,18,19,23,33-1,2,3,4,5,6
hqdm_0_0_hqdm_0_1_0_27,05,28,06,14,17,21,23,31,32,02,04,12,13,15,18,20,22-1,2,3,4,5,6
hqdm_0_0_hqdm_0_1_0_13,30,04,11,19,06,21,31,02,07,10,12,14,15,16,26,33-1,2,3,4,5,6
hqdm_0_0_hqdm_0_1_0_11,01,03,06,10,12,20,27,29,30,02,13,14,18,24,26,28,31,33-1,2,3,4,5,6
hqdm_0_0_hqdm_0_1_0_11,15,20,27,02,14,17,21,22,24,05,06,08,12,23,29,33-1,2,3,4,5,6
hqdm_0_0_hqdm_0_1_0_24,33,20,16,23,28,30,02,06,07,08,11,15,17,19,22,26,27,32-1,2,3,4,5,6
hqdm_0_0_hqdm_0_1_0_10,25,03,04,17,18,21,24,26,31,33,02,06,11,14,20,23,28,30-1,2,3,4,5,6
hqdm_0_0_hqdm_0_1_0_14,07,09,06,13,33,01,02,03,05,08,10,11,12,16,18,19,29,31-1,2,3,4,5,6
hqdm_0_0_hqdm_0_1_0_29,01,18,05,07,11,12,13,14,22,27,31,03,06,10,20,25-1,2,3,4,5,6
hqdm_0_0_hqdm_0_1_0_05,21,23,02,04,08,10,26,27,30,01,07,13,14,19,25,28,33-1,2,3,4,5,6
hqdm_0_0_hqdm_0_1_0_12,13,22,31,01,11,14,30,33,02,03,07,09,10,15,19,23,28,32-1,2,3,4,5,6
hqdm_0_0_hqdm_0_1_0_13,20,04,07,11,16,23,28,31,33,03,06,08,14,17,21,24,27,32-1,2,3,4,5,6
hqdm_0_0_hqdm_0_1_0_05,22,27,02,03,17,26,29,14,15,16,18,19,24,28,30,31,32,33-1,2,3,4,5,6
hqdm_0_0_hqdm_0_1_0_04,07,10,16,24,26,03,21,23,06,08,11,12,20,25,27,28,33-1,2,3,4,5,6
hqdm_0_0_hqdm_0_1_0_11,23,24,25,01,06,07,14,21,26,03,05,08,09,18,27,28,31,32-1,2,3,4,5,6
hqdm_0_0_hqdm_0_1_0_06,07,12,13,15,17,19,21,23,26,28,04,05,14,22,30,31,33-1,2,3,4,5,6
hqdm_0_0_hqdm_0_1_0_23,07,13,14,31,19,33,02,04,09,10,11,21,24,29,30,32-1,2,3,4,5,6
hqdm_0_0_hqdm_0_1_0_03,18,20,21,05,09,15,22,30,31,32,01,06,07,12,14,23,27,28-1,2,3,4,5,6
hqdm_0_0_hqdm_0_1_0_15,23,06,08,18,20,25,26,32,01,02,10,12,13,19,27,28,31-1,2,3,4,5,6
hqdm_0_0_hqdm_0_1_0_24,19,02,04,05,09,12,13,21,23,30,31,32,14,17,18,29,33-1,2,3,4,5,6
hqdm_0_0_hqdm_0_1_0_32,10,21,23,03,29,07,08,09,11,14,16,17,20,26,27,28,33-1,2,3,4,5,6
hqdm_0_0_hqdm_0_1_0_06,01,04,30,03,07,08,12,18,27,09,11,15,17,22,25,29,32,33-1,2,3,4,5,6
hqdm_0_0_hqdm_0_1_0_11,17,18,01,03,10,12,14,19,20,23,27,05,15,25,29,30,31,33-1,2,3,4,5,6
hqdm_0_0_hqdm_0_1_0_04,32,05,07,09,12,17,23,29,02,08,13,14,21,22,25,27,28,31-1,2,3,4,5,6
hqdm_0_0_hqdm_0_1_0_17,23,28,03,05,07,08,09,11,13,16,01,06,12,20,21,22,25,27-1,2,3,4,5,6
hqdm_0_0_hqdm_0_1_0_10,18,20,01,11,13,14,15,26,03,04,06,09,12,19,21,24,27,30-1,2,3,4,5,6
hqdm_0_0_hqdm_0_1_0_15,20,27,02,12,19,21,23,25,26,09,10,11,13,22,24,28,30-1,2,3,4,5,6
hqdm_0_0_hqdm_0_1_0_16,24,07,01,02,15,17,22,25,03,05,08,09,19,26,28,29-1,2,3,4,5,6
hqdm_0_0_hqdm_0_1_0_28,03,10,02,19,20,26,30,05,06,15,16,18,21,22,24,25,27,31-1,2,3,4,5,6
hqdm_0_0_hqdm_0_1_0_16,20,07,09,10,11,13,21,23,27,02,12,14,18,19,22,24,29,30-1,2,3,4,5,6
hqdm_0_0_hqdm_0_1_0_23,06,09,10,12,13,19,24,26,31,32,01,02,07,16,21,27,28,30-1,2,3,4,5,6
hqdm_0_0_hqdm_0_1_0_15,22,06,14,18,01,03,04,08,09,10,12,13,23,26,27,29,30-1,2,3,4,5,6
hqdm_0_0_hqdm_0_1_0_03,04,05,09,10,11,12,16,22,24,25,28,32,07,08,15,17,20,27-1,2,3,4,5,6
hqdm_0_0_hqdm_0_1_0_03,06,10,16,17,21,25,31,33,02,04,05,12,18,23,27,29,32-1,2,3,4,5,6
hqdm_0_0_hqdm_0_1_0_02,05,08,13,17,22,26,27,28,31,09,10,11,12,20,29,32-1,2,3,4,5,6
hqdm_0_0_hqdm_0_1_0_02,03,04,05,06,08,09,10,18,22,31,32,01,11,12,14,15,26-1,2,3,4,5,6
hqdm_0_0_hqdm_0_1_0_02,04,10,19,20,21,24,25,26,29,06,07,09,13,14,23,28-1,2,3,4,5,6
hqdm_0_0_hqdm_0_1_0_01,09,10,12,14,15,18,19,21,23,24,28,32,03,07,08,25,31-1,2,3,4,5,6
hqdm_0_0_hqdm_0_1_0_03,09,10,13,14,16,17,22,23,25,29,33,07,08,11,20,31-1,2,3,4,5,6
hqdm_0_0_hqdm_0_1_0_02,11,13,15,16,21,24,25,28,31,33,04,07,09,17,19,20,27,29-1,2,3,4,5,6
hqdm_0_0_hqdm_0_1_0_04,06,07,10,13,15,18,19,21,23,25,03,12,17,24,26,27,28-1,2,3,4,5,6
hqdm_0_0_hqdm_0_1_0_02,03,04,08,11,12,19,20,21,27,28,29,32,33,01,10,13,30-1,2,3,4,5,6
hqdm_0_0_hqdm_0_1_0_04,08,10,12,15,17,18,20,24,28,29,30,03,09,11,13,27,31-1,2,3,4,5,6
hqdm_0_0_hqdm_0_1_0_03,05,06,08,17,18,22,23,25,27,28,29,30,02,09,11,13,20-1,2,3,4,5,6
hqdm_0_0_hqdm_0_1_0_02,09,10,11,12,14,15,16,19,25,26,27,29,31,07,17,20,24,28-1,2,3,4,5,6
hqdm_0_0_hqdm_0_1_0_06,08,11,12,14,20,21,23,25,27,29,31,32,33,01,02,04,17,28-1,2,3,4,5,6
hqdm_0_0_hqdm_0_1_0_02,03,04,05,08,10,12,18,20,23,26,27,29,30,16,19,24,25-1,2,3,4,5,6
hqdm_0_0_hqdm_0_1_0_03,06,10,18,21,30,31,33,05,08,14,15,20,24,25,27,32-1,2,3,4,5,6
hqdm_0_0_hqdm_0_1_0_01,02,04,06,10,11,13,19,20,23,24,26,27,30,33,09,15,17,28-1,2,3,4,5,6
hqdm_0_0_hqdm_0_1_0_01,04,09,10,16,19,21,27,29,30,32,08,11,14,17,25,31-1,2,3,4,5,6
hqdm_0_0_hqdm_0_1_0_01,02,04,05,08,09,11,12,18,22,23,24,26,30,31,33,10,14,28-1,2,3,4,5,6
hqdm_0_0_hqdm_0_1_0_02,05,07,09,10,17,18,21,27,04,08,11,20,23,25,26,33-1,2,3,4,5,6
hqdm_0_0_hqdm_0_1_0_02,03,04,06,07,11,14,15,20,25,28,30,05,12,17,21,24,31,32-1,2,3,4,5,6
hqdm_0_0_hqdm_0_1_0_03,07,10,13,16,18,19,25,29,01,08,09,11,24,26,30,33-1,2,3,4,5,6
hqdm_0_0_hqdm_0_1_0_01,05,11,13,14,15,20,27,29,07,08,09,12,16,19,22,32-1,2,3,4,5,6
hqdm_0_0_hqdm_0_1_0_04,08,15,16,17,18,19,21,22,23,25,29,30,32,20,24,26,27,28-1,2,3,4,5,6
hqdm_0_0_hqdm_0_1_0_05,09,10,13,15,18,24,25,26,27,31,04,11,12,14,30,33-1,2,3,4,5,6
hqdm_0_0_hqdm_0_1_0_02,03,05,08,15,18,20,23,26,31,32,04,12,13,14,24,33-1,2,3,4,5,6
hqdm_0_0_hqdm_0_1_0_02,10,15,17,19,21,23,24,25,30,33,04,08,09,16,26,28,32-1,2,3,4,5,6
hqdm_0_0_hqdm_0_1_0_01,06,07,08,09,11,14,19,20,22,23,24,32,04,10,18,27,29,33-1,2,3,4,5,6
hqdm_0_0_hqdm_0_1_0_01,03,12,14,15,18,20,22,24,25,30,31,06,09,11,16,17,29,32-1,2,3,4,5,6
hqdm_0_0_hqdm_0_1_0_02,05,06,07,14,16,18,25,26,27,29,32,04,08,15,17,20,21,24-1,2,3,4,5,6
hqdm_0_0_hqdm_0_1_0_01,02,03,05,06,08,10,15,22,30,09,12,18,19,25,26,29-1,2,3,4,5,6
hqdm_0_0_hqdm_0_1_0_05,06,09,11,15,19,22,25,30,31,32,01,02,13,14,17,18,29-1,2,3,4,5,6
hqdm_0_0_hqdm_0_1_0_06,07,08,09,10,11,20,26,27,29,30,33,04,12,13,16,22,31,32-1,2,3,4,5,6
hqdm_0_0_hqdm_0_1_0_01,05,12,13,17,18,21,29,30,33,02,04,10,15,16,19,20,22-1,2,3,4,5,6
hqdm_0_0_hqdm_0_1_0_01,02,03,04,05,09,14,16,18,20,24,25,27,08,10,11,29,32,33-1,2,3,4,5,6
hqdm_0_0_hqdm_0_1_0_03,07,08,13,16,17,20,22,29,30,32,06,11,14,15,19,27-1,2,3,4,5,6
hqdm_0_0_hqdm_0_1_0_02,04,05,12,17,18,22,26,29,32,33,09,11,15,19,24,25-1,2,3,4,5,6
hqdm_0_0_hqdm_0_1_0_01,02,06,08,11,15,16,21,24,27,30,31,04,13,20,26,28,32-1,2,3,4,5,6
hqdm_0_0_hqdm_0_1_0_01,04,05,07,13,17,18,19,22,25,26,31,33,02,06,12,15,24,30-1,2,3,4,5,6
hqdm_0_0_hqdm_0_1_0_02,05,09,13,17,21,26,32,10,14,16,19,20,23,24,28,31-1,2,3,4,5,6
hqdm_0_0_hqdm_0_1_0_01,03,10,11,12,15,16,20,21,22,24,25,26,31,33,06,18,19,30-1,2,3,4,5,6
hqdm_0_0_hqdm_0_1_0_02,08,21,24,25,29,30,32,33,05,07,16,17,22,23,28,31-1,2,3,4,5,6
hqdm_0_0_hqdm_0_1_0_01,04,06,08,11,13,14,17,18,24,28,29,31,33,03,05,07,16,32-1,2,3,4,5,6
hqdm_0_0_hqdm_0_1_0_06,07,09,12,20,21,22,29,30,33,01,04,13,15,19,23,32-1,2,3,4,5,6
hqdm_0_0_hqdm_0_1_0_04,05,09,11,12,14,18,22,27,31,33,06,10,13,20,21,23,30,32-1,2,3,4,5,6
hqdm_0_0_hqdm_0_1_0_02,05,07,08,11,13,14,17,26,27,29,31,33,01,04,09,12,23,32-1,2,3,4,5,6
hqdm_0_0_hqdm_0_1_0_02,03,04,05,06,08,15,17,18,22,27,30,31,01,25,26,28,32,33-1,2,3,4,5,6
hqdm_0_0_hqdm_0_1_0_02,03,04,05,08,14,17,18,21,22,28,31,33,11,15,20,25,29-1,2,3,4,5,6
hqdm_0_0_hqdm_0_1_0_02,06,09,11,12,17,19,22,28,01,05,07,20,25,26,27,30-1,2,3,4,5,6
hqdm_0_0_hqdm_0_1_0_03,05,06,09,11,12,17,21,24,26,27,29,30,31,33,02,15,19-1,2,3,4,5,6
hqdm_0_0_hqdm_0_1_0_08,09,11,14,19,22,24,26,30,03,06,10,16,17,21,25,31,33-1,2,3,4,5,6
hqdm_0_0_hqdm_0_1_0_01,06,10,12,14,23,26,32,02,11,13,15,16,21,24,25,28,31,33-1,2,3,4,5,6
hqdm_0_0_hqdm_0_1_0_02,05,08,09,11,20,22,31,04,06,07,10,13,15,18,19,21,23,25-1,2,3,4,5,6
hqdm_0_0_hqdm_0_1_0_01,06,14,16,17,18,21,22,23,24,28,31,32,03,04,15,27-1,2,3,4,5,6
hqdm_0_0_hqdm_0_1_0_07,15,17,29,32,01,02,03,05,11,16,19,21,22,24,25,26,30,31-1,2,3,4,5,6
hqdm_0_0_hqdm_0_1_0_02,04,07,11,12,13,16,17,23,28,03,06,10,18,21,30,31,33-1,2,3,4,5,6
hqdm_0_0_hqdm_0_1_0_04,15,18,22,23,33,02,05,09,10,12,17,21,25,26,27,28,31-1,2,3,4,5,6
hqdm_0_0_hqdm_0_1_0_02,10,12,15,21,26,33,08,09,14,16,17,20,24,27,28,31,32-1,2,3,4,5,6
hqdm_0_0_hqdm_0_1_0_02,19,24,26,31,01,04,06,07,08,14,15,16,18,20,21,27,29,32-1,2,3,4,5,6
hqdm_0_0_hqdm_0_1_0_02,03,06,21,23,24,28,30,33,01,05,11,13,14,15,20,27,29-1,2,3,4,5,6
hqdm_0_0_hqdm_0_1_0_03,09,10,19,23,28,33,02,05,06,07,14,16,18,25,26,27,29,32-1,2,3,4,5,6
hqdm_0_0_hqdm_0_1_0_08,10,14,22,31,01,02,03,04,06,07,09,11,17,20,21,24,25,27-1,2,3,4,5,6
hqdm_0_0_hqdm_0_1_0_03,08,09,23,26,27,28,31,32,01,05,12,13,17,18,21,29,30,33-1,2,3,4,5,6
hqdm_0_0_hqdm_0_1_0_02,05,09,12,13,14,17,18,32,33,11,16,20,25,27,28,29-1,2,3,4,5,6
hqdm_0_0_hqdm_0_1_0_01,07,08,11,12,15,22,25,29,33,02,05,09,13,17,21,26,32-1,2,3,4,5,6
hqdm_0_0_hqdm_0_1_0_01,02,12,13,22,25,27,04,07,09,10,16,19,21,28,30,31,32-1,2,3,4,5,6
hqdm_0_0_hqdm_0_1_0_01,03,05,06,07,11,12,13,20,21,22,02,04,19,24,25,27,30-1,2,3,4,5,6
hqdm_0_0_hqdm_0_1_0_01,03,04,06,09,12,15,19,26,27,02,08,21,24,25,29,30,32,33-1,2,3,4,5,6
hqdm_0_0_hqdm_0_1_0_03,08,15,19,26,28,29,04,05,09,11,12,14,18,22,27,31,33-1,2,3,4,5,6
hqdm_0_0_hqdm_0_1_0_03,04,08,14,15,16,21,23,29,31,02,06,09,11,12,17,19,22,28-1,2,3,4,5,6
hqdm_0_0_hqdm_0_1_0_12,15,29,02,04,06,08,09,13,18,19,20,21,22,26,30,31-1,2,3,4,5,6
hqdm_0_0_hqdm_0_1_0_02,10,20,25,29,33,01,06,14,16,17,18,21,22,23,24,28,31,32-1,2,3,4,5,6
hqdm_0_0_hqdm_0_1_0_09,20,25,02,03,05,06,08,12,14,18,19,22,23,24,31,32-1,2,3,4,5,6
hqdm_0_0_hqdm_0_1_0_18,29,02,06,09,11,12,16,20,21,22,24,25,26,27,30,31,33-1,2,3,4,5,6
hqdm_0_0_hqdm_0_1_0_04,19,21,23,24,30,31,02,05,09,12,13,14,17,18,32,33-1,2,3,4,5,6
hqdm_0_0_hqdm_0_1_0_05,30,09,20,02,03,10,11,15,17,18,19,22,23,25,28,31,33-1,2,3,4,5,6
hqdm_0_0_hqdm_0_1_0_14,02,25,01,04,07,11,13,15,16,17,18,23,28,30,32,33-1,2,3,4,5,6
hqdm_0_0_hqdm_0_1_0_18,21,30,31,32,01,03,05,07,09,12,15,20,22,23,27,28-1,2,3,4,5,6
hqdm_0_0_hqdm_0_1_0_11,12,17,18,01,03,05,10,15,19,20,23,25,27,29,30,31-1,2,3,4,5,6
hqdm_0_0_hqdm_0_1_0_17,08,09,16,23,28,01,03,05,06,07,11,12,13,20,21,22-1,2,3,4,5,6
hqdm_0_0_hqdm_0_1_0_03,04,05,09,10,11,12,15,16,20,22,24,25,28,32,07,08,17,27-1,2,3,4,5,6
hqdm_0_0_hqdm_0_1_0_02,03,07,09,11,17,19,20,23,26,30,32,04,06,15,28,29-1,2,3,4,5,6
hqdm_0_0_hqdm_0_1_0_03,04,06,10,12,13,14,17,21,22,29,31,32,01,05,11,26-1,2,3,4,5,6
hqdm_0_0_hqdm_0_1_0_01,02,04,06,08,10,12,15,21,23,24,29,31,07,14,26,32-1,2,3,4,5,6
hqdm_0_0_hqdm_0_1_0_04,11,13,15,16,20,24,25,26,27,28,32,33,09,17,19,29,31-1,2,3,4,5,6
hqdm_0_0_hqdm_0_1_0_01,03,04,05,07,10,11,14,16,17,19,20,31,33,21,23,24,30-1,2,3,4,5,6
hqdm_0_0_hqdm_0_1_0_02,03,04,13,15,17,19,20,22,23,24,25,28,31,32,33,10,26-1,2,3,4,5,6
hqdm_0_0_hqdm_0_1_0_01,02,03,05,08,11,16,19,22,25,30,31,10,12,13,20,27,28-1,2,3,4,5,6
hqdm_0_0_hqdm_0_1_0_05,06,10,11,12,19,20,21,26,28,29,32,08,22,24,27,31-1,2,3,4,5,6
hqdm_0_0_hqdm_0_1_0_05,06,07,08,15,22,23,25,26,28,29,30,03,09,10,16,17,20,33-1,2,3,4,5,6
hqdm_0_0_hqdm_0_1_0_01,02,03,08,12,15,18,21,24,26,29,04,06,10,17,19,28,32-1,2,3,4,5,6
hqdm_0_0_hqdm_0_1_0_01,05,06,09,10,17,18,19,22,27,29,33,02,12,16,21,24,30-1,2,3,4,5,6
hqdm_0_0_hqdm_0_1_0_01,04,06,10,11,13,19,20,24,26,27,30,33,09,15,17,28-1,2,3,4,5,6
hqdm_0_0_hqdm_0_1_0_03,06,09,11,14,17,18,20,21,23,24,25,27,02,04,05,12,32-1,2,3,4,5,6
hqdm_0_0_hqdm_0_1_0_02,03,07,09,10,12,13,14,16,18,21,25,26,27,28,31,01,08,24-1,2,3,4,5,6
hqdm_0_0_hqdm_0_1_0_01,02,03,08,09,12,14,17,22,24,25,29,32,05,18,23,27,28-1,2,3,4,5,6
hqdm_0_0_hqdm_0_1_0_01,03,07,08,09,16,18,25,26,31,32,04,10,13,19,28,30-1,2,3,4,5,6
hqdm_0_0_hqdm_0_1_0_01,06,07,15,16,17,18,21,27,29,32,09,10,11,12,22,25-1,2,3,4,5,6
hqdm_0_0_hqdm_0_1_0_01,02,06,08,09,13,16,17,18,27,30,33,15,19,23,24,32-1,2,3,4,5,6
hqdm_0_0_hqdm_0_1_0_03,04,07,13,14,15,17,18,22,23,25,26,28,31,33,05,12-1,2,3,4,5,6
hqdm_0_0_hqdm_0_1_0_03,06,10,12,15,18,19,20,21,23,31,32,33,01,04,09,17,28-1,2,3,4,5,6
hqdm_0_0_hqdm_0_1_0_02,10,15,17,19,21,23,24,26,30,33,04,08,09,16,28,32-1,2,3,4,5,6
hqdm_0_0_hqdm_0_1_0_03,12,14,15,17,19,20,24,25,30,06,09,11,16,18,29,32-1,2,3,4,5,6
hqdm_0_0_hqdm_0_1_0_01,02,05,07,08,10,19,24,29,30,03,06,09,17,18,25,26-1,2,3,4,5,6
hqdm_0_0_hqdm_0_1_0_02,04,08,09,11,15,16,18,20,22,23,25,30,32,10,12,13,21-1,2,3,4,5,6
hqdm_0_0_hqdm_0_1_0_04,10,12,13,15,16,21,23,26,30,33,02,05,07,11,19,25-1,2,3,4,5,6
hqdm_0_0_hqdm_0_1_0_01,02,04,07,12,15,21,22,25,29,30,33,06,11,14,19,23-1,2,3,4,5,6
hqdm_0_0_hqdm_0_1_0_01,04,05,09,12,16,17,18,21,22,31,02,10,15,19,20,30-1,2,3,4,5,6
hqdm_0_0_hqdm_0_1_0_02,04,05,10,12,13,20,27,28,03,08,16,19,24,29,32,33-1,2,3,4,5,6
hqdm_0_0_hqdm_0_1_0_04,05,06,07,10,11,12,13,14,17,18,19,23,24,27,31,32,30-1,2,3,4,5,6
hqdm_0_0_hqdm_0_1_0_01,04,10,11,15,16,17,18,25,27,02,03,08,09,20,29,32-1,2,3,4,5,6
hqdm_0_0_hqdm_0_1_0_07,09,10,12,15,17,18,26,29,30,32,33,02,11,19,24,25-1,2,3,4,5,6
hqdm_0_0_hqdm_0_1_0_14,15,17,19,21,23,24,25,26,27,30,31,33,04,09,13,28,32-1,2,3,4,5,6
hqdm_0_0_hqdm_0_1_0_01,02,03,06,08,11,12,20,24,29,30,04,07,16,18,21,31,32-1,2,3,4,5,6
hqdm_0_0_hqdm_0_1_0_01,04,05,06,13,14,19,22,24,26,30,02,12,15,18,25,31-1,2,3,4,5,6
hqdm_0_0_hqdm_0_1_0_04,09,10,16,19,21,24,28,31,03,05,06,11,14,17,18,33-1,2,3,4,5,6
hqdm_0_0_hqdm_0_1_0_04,05,09,10,14,16,18,19,22,23,28,29,32,33,13,15,21,25,27-1,2,3,4,5,6
hqdm_0_0_hqdm_0_1_0_01,05,08,09,10,13,14,18,20,21,28,30,32,04,19,25,26,29,33-1,2,3,4,5,6
hqdm_0_0_hqdm_0_1_0_01,02,04,08,09,13,14,18,20,23,30,32,12,26,27,29,31-1,2,3,4,5,6
hqdm_0_0_hqdm_0_1_0_01,04,05,12,19,21,26,29,31,32,33,03,08,15,24,25,28-1,2,3,4,5,6
hqdm_0_0_hqdm_0_1_0_02,07,11,17,20,21,23,25,26,27,28,31,32,33,05,16,19,24-1,2,3,4,5,6
hqdm_0_0_hqdm_0_1_0_14,21,29,30,03,04,05,09,10,11,12,15,16,20,22,24,25,28,32-1,2,3,4,5,6
hqdm_0_0_hqdm_0_1_0_03,08,09,11,14,19,21,24,26,30,33,05,06,10,16,17,25,27,31-1,2,3,4,5,6
hqdm_0_0_hqdm_0_1_0_07,13,18,22,23,24,28,31,05,10,12,15,17,19,20,26,27,30-1,2,3,4,5,6
hqdm_0_0_hqdm_0_1_0_02,04,05,07,10,12,23,25,28,29,01,03,08,13,16,21,24,30,32-1,2,3,4,5,6
hqdm_0_0_hqdm_0_1_0_03,11,15,17,18,20,22,26,33,01,02,10,12,21,24,28,29-1,2,3,4,5,6
hqdm_0_0_hqdm_0_1_0_04,27,33,02,03,07,09,11,12,19,21,22,24,25,26,28,29,31,32-1,2,3,4,5,6
hqdm_0_0_hqdm_0_1_0_01,05,11,16,18,20,30,31,03,06,07,09,10,12,13,19,21,29-1,2,3,4,5,6
hqdm_0_0_hqdm_0_1_0_02,06,07,12,14,15,23,24,27,31,01,03,08,09,13,19,22,26,32-1,2,3,4,5,6
hqdm_0_0_hqdm_0_1_0_02,03,10,16,20,21,28,29,33,05,08,15,17,22,24,27,31-1,2,3,4,5,6
hqdm_0_0_hqdm_0_1_0_15,17,21,24,26,29,32,01,02,03,05,08,11,16,19,22,25,30,31-1,2,3,4,5,6
hqdm_0_0_hqdm_0_1_0_11,18,19,21,31,05,06,07,08,15,22,23,25,26,28,29,30-1,2,3,4,5,6
hqdm_0_0_hqdm_0_1_0_01,04,11,14,15,19,20,22,26,27,30,05,07,09,10,13,23,31,33-1,2,3,4,5,6
hqdm_0_0_hqdm_0_1_0_09,13,16,20,22,31,33,01,02,03,08,12,15,18,21,24,26,29-1,2,3,4,5,6
hqdm_0_0_hqdm_0_1_0_04,06,14,17,18,20,21,26,31,01,05,10,11,13,15,19,25,29,33-1,2,3,4,5,6
hqdm_0_0_hqdm_0_1_0_02,04,08,14,19,20,26,31,01,06,07,15,16,17,18,21,27,29,32-1,2,3,4,5,6
hqdm_0_0_hqdm_0_1_0_02,07,08,13,22,28,31,03,12,14,15,17,19,20,24,25,30-1,2,3,4,5,6
hqdm_0_0_hqdm_0_1_0_12,16,21,23,28,31,32,01,02,05,07,08,10,19,24,29,30-1,2,3,4,5,6
hqdm_0_0_hqdm_0_1_0_10,16,17,19,20,21,29,32,33,04,06,08,11,12,24,25,26,27,28-1,2,3,4,5,6
hqdm_0_0_hqdm_0_1_0_10,11,12,18,21,25,27,30,33,01,02,04,06,07,08,15,16,26,29-1,2,3,4,5,6
hqdm_0_0_hqdm_0_1_0_06,08,11,12,20,25,27,28,33,05,09,15,19,22,30,31,32-1,2,3,4,5,6
hqdm_0_0_hqdm_0_1_0_05,12,14,21,22,24,26,28,30,01,04,10,11,15,16,17,18,25,27-1,2,3,4,5,6
hqdm_0_0_hqdm_0_1_0_01,05,08,13,14,15,17,18,22,26,29,32,02,07,21,23,25,31,33-1,2,3,4,5,6
hqdm_0_0_hqdm_0_1_0_04,06,07,19,20,21,24,26,32,01,05,08,09,14,16,18,27,28,33-1,2,3,4,5,6
hqdm_0_0_hqdm_0_1_0_02,04,05,13,17,25,30,32,33,01,09,16,20,21,22,26,27,28-1,2,3,4,5,6
hqdm_0_0_hqdm_0_1_0_07,09,11,12,15,17,22,25,29,33,02,05,13,19,21,26,32-1,2,3,4,5,6
hqdm_0_0_hqdm_0_1_0_02,07,13,22,25,27,30,32,04,09,10,16,19,21,24,28,31-1,2,3,4,5,6
hqdm_0_0_hqdm_0_1_0_01,03,08,09,14,15,20,22,26,27,28,33,06,12,13,18,21,24,32-1,2,3,4,5,6
hqdm_0_0_hqdm_0_1_0_01,03,06,09,13,14,16,21,24,25,27,30,02,07,12,23,28,32-1,2,3,4,5,6
hqdm_0_0_hqdm_0_1_0_03,07,15,23,24,01,05,08,09,10,13,14,18,20,21,28,30,32-1,2,3,4,5,6
hqdm_0_0_hqdm_0_1_0_01,03,05,06,07,12,14,15,17,18,20,22,27,29,08,09,11,23,31-1,2,3,4,5,6
hqdm_0_0_hqdm_0_1_0_03,08,12,15,21,22,24,27,28,29,04,05,07,09,11,14,16,18,23-1,2,3,4,5,6
hqdm_0_0_hqdm_0_1_0_01,03,04,07,08,12,13,23,26,31,33,02,05,15,16,18,27,29-1,2,3,4,5,6
hqdm_0_0_hqdm_0_1_0_09,15,17,18,20,22,31,02,04,05,07,10,12,23,25,28,29-1,2,3,4,5,6
hqdm_0_0_hqdm_0_1_0_14,17,20,22,26,29,30,01,04,06,11,13,16,23,28,31,33-1,2,3,4,5,6
hqdm_0_0_hqdm_0_1_0_04,16,17,18,25,29,33,02,06,07,12,14,15,23,24,27,31-1,2,3,4,5,6
hqdm_0_0_hqdm_0_1_0_10,16,20,23,26,32,02,05,06,08,14,22,24,25,28,30,33-1,2,3,4,5,6
hqdm_0_0_hqdm_0_1_0_01,04,06,11,14,18,23,32,02,03,10,16,20,21,28,29,33-1,2,3,4,5,6
hqdm_0_0_hqdm_0_1_0_04,10,12,15,16,21,26,33,01,03,07,14,17,19,24,31,32-1,2,3,4,5,6
hqdm_0_0_hqdm_0_1_0_02,03,06,08,18,21,29,32,01,04,11,14,15,19,20,22,26,27,30-1,2,3,4,5,6
hqdm_0_0_hqdm_0_1_0_04,09,12,17,26,28,02,03,05,06,07,11,14,19,21,22,31,32,33-1,2,3,4,5,6
hqdm_0_0_hqdm_0_1_0_07,12,13,18,20,23,24,02,03,04,05,06,15,22,26,28,29,32,33-1,2,3,4,5,6
hqdm_0_0_hqdm_0_1_0_05,07,21,01,03,06,09,12,13,17,19,20,23,27,29,32,33-1,2,3,4,5,6
hqdm_0_0_hqdm_0_1_0_06,10,12,27,01,02,03,13,14,18,20,24,26,28,29,30,31,33-1,2,3,4,5,6
hqdm_0_0_hqdm_0_1_0_04,17,24,25,02,05,06,10,11,18,20,23,27,28,30,31,32-1,2,3,4,5,6
hqdm_0_0_hqdm_0_1_0_01,03,06,10,21,33,05,07,08,09,11,17,22,24,25,26,31-1,2,3,4,5,6
hqdm_0_0_hqdm_0_1_0_06,18,02,08,09,12,14,16,19,20,21,22,26,27,29,31,32-1,2,3,4,5,6
hqdm_0_0_hqdm_0_1_0_03,08,17,19,20,01,02,05,06,07,18,21,24,28,31,32,33-1,2,3,4,5,6
hqdm_0_0_hqdm_0_1_0_03,04,07,10,16,21,23,26,06,08,11,12,20,25,27,28,33-1,2,3,4,5,6
hqdm_0_0_hqdm_0_1_0_04,06,17,21,27,28,01,05,11,12,14,16,18,19,20,24,25,30-1,2,3,4,5,6
hqdm_0_0_hqdm_0_1_0_04,11,16,20,24,01,05,08,13,14,15,17,18,22,26,29,32-1,2,3,4,5,6
hqdm_0_0_hqdm_0_1_0_02,33,04,07,09,10,12,18,21,22,23,24,25,26,28,29,31-1,2,3,4,5,6
hqdm_0_0_hqdm_0_1_0_09,13,15,18,21,23,32,06,08,10,11,20,24,25,26,27,28,31-1,2,3,4,5,6
hqdm_0_0_hqdm_0_1_0_05,07,16,25,29,01,03,08,09,14,15,20,22,26,27,28,33-1,2,3,4,5,6
hqdm_0_0_hqdm_0_1_0_02,07,08,17,23,32,03,05,09,11,12,16,21,22,24,27,31-1,2,3,4,5,6
hqdm_0_0_hqdm_0_1_0_02,12,15,19,20,21,26,27,09,10,11,13,22,23,24,25,28,30-1,2,3,4,5,6
hqdm_0_0_hqdm_0_1_0_02,10,13,19,26,30,31,03,08,12,15,21,22,24,27,28,29-1,2,3,4,5,6
hqdm_0_0_hqdm_0_1_0_06,09,19,21,24,28,32,01,03,04,07,08,12,13,23,26,31,33-1,2,3,4,5,6
hqdm_0_0_hqdm_0_1_0_01,04,13,20,28,05,07,08,10,14,16,17,18,22,23,25,30,32,33-1,2,3,4,5,6
hqdm_0_0_hqdm_0_1_0_01,20,28,07,13,15,22,03,08,09,11,14,19,21,24,26,30,33-1,2,3,4,5,6
hqdm_0_0_hqdm_0_1_0_03,01,04,06,14,16,21,25,33,07,13,18,22,23,24,28,31-1,2,3,4,5,6
hqdm_0_0_hqdm_0_1_0_19,09,15,17,18,20,22,31,02,04,05,07,10,12,23,25,28,29-1,2,3,4,5,6
hqdm_0_0_hqdm_0_1_0_05,02,11,12,21,30,01,04,06,08,09,13,16,18,25,26,31-1,2,3,4,5,6
hqdm_0_0_hqdm_0_1_0_16,04,31,05,08,27,30,32,03,11,15,17,18,20,22,26,33-1,2,3,4,5,6
hqdm_0_0_hqdm_0_1_0_01,12,05,18,26,02,04,06,09,13,15,19,21,24,27,28,30,32-1,2,3,4,5,6
hqdm_0_0_hqdm_0_1_0_32,02,14,15,22,23,26,28,33,01,05,11,16,18,20,30,31-1,2,3,4,5,6
hqdm_0_0_hqdm_0_1_0_05,04,16,17,18,25,29,33,02,06,07,12,14,15,23,24,27,31-1,2,3,4,5,6
hqdm_0_0_hqdm_0_1_0_21,10,16,20,23,26,32,02,05,06,08,14,22,24,25,28,30,33-1,2,3,4,5,6
hqdm_0_0_hqdm_0_1_0_25,01,04,06,11,14,18,23,32,02,03,10,16,20,21,28,29,33-1,2,3,4,5,6
hqdm_0_0_hqdm_0_1_0_25,09,19,20,22,31,32,02,05,06,10,12,14,18,24,28,29-1,2,3,4,5,6
hqdm_0_0_hqdm_0_1_0_22,19,03,10,16,18,01,06,09,11,12,13,15,23,24,26,30-1,2,3,4,5,6
hqdm_0_0_hqdm_0_1_0_29,09,13,01,22,26,02,07,10,11,16,18,19,21,23,28,30,31-1,2,3,4,5,6
hqdm_0_0_hqdm_0_1_0_15,25,05,07,21,01,03,06,09,12,13,17,19,20,23,27,29,32,33-1,2,3,4,5,6
hqdm_0_0_hqdm_0_1_0_15,06,01,19,03,04,05,07,11,12,13,16,28,29,30,31,32-1,2,3,4,5,6
hqdm_0_0_hqdm_0_1_0_27,04,05,14,16,29,32,03,06,09,13,18,19,20,21,22,26-1,2,3,4,5,6
hqdm_0_0_hqdm_0_1_0_27,28,02,03,12,22,23,32,04,06,14,17,18,20,21,26,31-1,2,3,4,5,6
hqdm_0_0_hqdm_0_1_0_11,06,10,12,27,01,02,03,13,14,18,20,24,26,28,29,30,31,33-1,2,3,4,5,6
hqdm_0_0_hqdm_0_1_0_28,04,18,20,23,24,33,02,10,13,15,16,19,21,26,30,31-1,2,3,4,5,6
hqdm_0_0_hqdm_0_1_0_33,04,17,24,25,02,05,06,10,11,18,20,23,27,28,30,31,32-1,2,3,4,5,6
hqdm_0_0_hqdm_0_1_0_14,01,03,06,10,21,33,05,07,08,09,11,17,22,24,25,26,31-1,2,3,4,5,6
hqdm_0_0_hqdm_0_1_0_07,13,06,18,02,08,09,12,14,16,19,20,21,22,26,27,29,31,32-1,2,3,4,5,6
hqdm_0_0_hqdm_0_1_0_15,31,12,13,21,25,26,02,03,05,07,11,14,16,17,28,30-1,2,3,4,5,6
hqdm_0_0_hqdm_0_1_0_30,31,01,09,10,13,02,03,05,06,11,12,18,19,22,23,25,26-1,2,3,4,5,6
hqdm_0_0_hqdm_0_1_0_02,03,05,15,18,22,23,30,10,16,17,19,20,21,29,32,33-1,2,3,4,5,6
hqdm_0_0_hqdm_0_1_0_05,14,09,19,22,23,24,31,10,11,12,18,21,25,27,30,33-1,2,3,4,5,6
hqdm_0_0_hqdm_0_1_0_24,03,04,07,10,16,21,23,26,06,08,11,12,20,25,27,28,33-1,2,3,4,5,6
hqdm_0_0_hqdm_0_1_0_01,14,24,18,19,02,03,05,07,10,15,17,21,23,25,26,28-1,2,3,4,5,6
hqdm_0_0_hqdm_0_1_0_02,10,03,25,26,33,04,06,08,09,12,13,14,15,17,18,20-1,2,3,4,5,6
hqdm_0_0_hqdm_0_1_0_15,04,06,17,21,27,28,01,05,11,12,14,16,18,19,20,24,25,30-1,2,3,4,5,6
hqdm_0_0_hqdm_0_1_0_23,02,07,13,14,03,04,05,06,09,10,21,27,29,31,32,33-1,2,3,4,5,6
hqdm_0_0_hqdm_0_1_0_03,10,04,11,16,20,24,01,05,08,13,14,15,17,18,22,26,29,32-1,2,3,4,5,6
hqdm_0_0_hqdm_0_1_0_05,01,02,33,04,07,09,10,12,18,21,22,23,24,25,26,28,29,31-1,2,3,4,5,6
hqdm_0_0_hqdm_0_1_0_18,21,20,28,30,31,32,01,03,05,07,09,12,15,22,23,27,29-1,2,3,4,5,6
hqdm_0_0_hqdm_0_1_0_12,23,02,15,17,22,25,29,04,06,07,19,20,21,24,26,32-1,2,3,4,5,6
hqdm_0_0_hqdm_0_1_0_19,24,31,12,14,18,23,29,02,04,05,13,17,25,30,32,33-1,2,3,4,5,6
hqdm_0_0_hqdm_0_1_0_06,04,01,03,08,18,27,30,07,09,11,12,15,17,22,25,29,33-1,2,3,4,5,6
hqdm_0_0_hqdm_0_1_0_03,18,12,25,27,01,05,11,14,15,17,19,20,21,29,31,32,33-1,2,3,4,5,6
hqdm_0_0_hqdm_0_1_0_11,04,19,23,24,30,05,07,10,13,14,17,20,26,27,28,29-1,2,3,4,5,6
hqdm_0_0_hqdm_0_1_0_04,17,05,07,16,25,29,01,03,08,09,14,15,20,22,26,27,28,33-1,2,3,4,5,6
hqdm_0_0_hqdm_0_1_0_04,02,07,08,17,23,32,03,05,09,11,12,16,21,22,24,27,31-1,2,3,4,5,6
hqdm_0_0_hqdm_0_1_0_09,13,23,01,12,17,28,04,05,07,08,11,20,21,25,27,33-1,2,3,4,5,6
hqdm_0_0_hqdm_0_1_0_10,15,18,11,19,20,26,01,03,06,09,13,14,16,21,24,25,27,30-1,2,3,4,5,6
hqdm_0_0_hqdm_0_1_0_31,02,08,11,16,25,27,03,05,10,14,17,18,20,24,26,28-1,2,3,4,5,6
hqdm_0_0_hqdm_0_1_0_24,08,11,17,29,02,03,05,06,07,18,21,22,23,26,30,33-1,2,3,4,5,6
hqdm_0_0_hqdm_0_1_0_20,02,10,13,19,26,30,31,03,08,12,15,21,22,24,27,28,29-1,2,3,4,5,6
hqdm_0_0_hqdm_0_1_0_10,06,09,19,21,24,28,32,01,03,04,07,08,12,13,23,26,31,33-1,2,3,4,5,6
hqdm_0_0_hqdm_0_1_0_18,32,02,14,16,23,24,03,05,10,11,13,15,17,22,29,31,33-1,2,3,4,5,6
