01,02,03,04,05,06,07,08,09,10,11,12,13,14,15,16,17,18,19,20,21,22,23,24,25,26,27,28,29,30,31,32,33:

hqdm_0_0_hqdm_0_1_0_04,06,08,09,10,11,13,14,16,23,28,32-1,2,3,4,5
hqdm_0_0_hqdm_0_1_0_02,04,05,09,10,15,22,25,26,30,31,33-1,2,3,4,5
hqdm_0_0_hqdm_0_1_0_02,06,08,09,13,14,19,22,24,26,27,29-1,2,3,4,5
hqdm_0_0_hqdm_0_1_0_05,06,09,16,18,19,20,27,28,31,32,33-1,2,3,4,5
hqdm_0_0_hqdm_0_1_0_01,04,06,08,12,15,17,21,25,26,32,33-1,2,3,4,5
hqdm_0_0_hqdm_0_1_0_01,07,08,11,12,13,14,15,18,20,22,29-1,2,3,4,5
hqdm_0_0_hqdm_0_1_0_05,08,09,10,11,12,16,17,18,21,29,31-1,2,3,4,5
hqdm_0_0_hqdm_0_1_0_01,02,03,04,07,08,17,19,23,29,31,33-1,2,3,4,5
hqdm_0_0_hqdm_0_1_0_02,04,06,08,10,11,13,16,20,26,29,32-1,2,3,4,5
hqdm_0_0_hqdm_0_1_0_01,09,12,13,14,16,18,19,20,25,28,31-1,2,3,4,5
hqdm_0_0_hqdm_0_1_0_02,04,05,07,09,13,15,17,19,20,27,28-1,2,3,4,5
hqdm_0_0_hqdm_0_1_0_04,09,12,13,15,16,18,22,27,28,29,33-1,2,3,4,5
hqdm_0_0_hqdm_0_1_0_05,07,11,12,14,17,21,23,25,30,31,33-1,2,3,4,5
hqdm_0_0_hqdm_0_1_0_02,05,10,12,15,17,20,25,26,27,30,33-1,2,3,4,5
hqdm_0_0_hqdm_0_1_0_05,06,11,17,18,22,24,25,26,28,31,32-1,2,3,4,5
hqdm_0_0_hqdm_0_1_0_04,05,13,14,15,17,21,24,27,28,31,33-1,2,3,4,5
hqdm_0_0_hqdm_0_1_0_03,04,05,06,13,19,21,26,28,29,30,31-1,2,3,4,5
hqdm_0_0_hqdm_0_1_0_01,09,11,12,17,18,21,22,24,25,27,28-1,2,3,4,5
hqdm_0_0_hqdm_0_1_0_01,03,04,07,12,13,14,17,18,19,21,23-1,2,3,4,5
hqdm_0_0_hqdm_0_1_0_02,07,09,10,12,17,21,23,24,27,31,32-1,2,3,4,5
hqdm_0_0_hqdm_0_1_0_02,07,12,16,17,20,21,23,24,26,29,30-1,2,3,4,5
hqdm_0_0_hqdm_0_1_0_01,05,10,12,14,15,20,21,23,26,27,33-1,2,3,4,5
hqdm_0_0_hqdm_0_1_0_05,08,11,17,19,24,25,26,27,29,30,32-1,2,3,4,5
hqdm_0_0_hqdm_0_1_0_03,04,08,10,19,20,23,24,27,30,32,33-1,2,3,4,5
hqdm_0_0_hqdm_0_1_0_03,04,08,10,14,16,20,25,27,29,30,31-1,2,3,4,5
hqdm_0_0_hqdm_0_1_0_01,04,05,10,12,13,15,17,19,20,26,33-1,2,3,4,5
hqdm_0_0_hqdm_0_1_0_02,04,10,19,22,25,26,27,28,30,32,33-1,2,3,4,5
hqdm_0_0_hqdm_0_1_0_01,03,04,06,09,10,15,16,17,18,28,32-1,2,3,4,5
hqdm_0_0_hqdm_0_1_0_02,03,08,09,10,11,14,21,23,27,28,32-1,2,3,4,5
hqdm_0_0_hqdm_0_1_0_01,07,12,14,17,23,26,27,29,31,32,33-1,2,3,4,5
hqdm_0_0_hqdm_0_1_0_03,05,07,11,12,13,16,19,21,23,29,32-1,2,3,4,5
hqdm_0_0_hqdm_0_1_0_01,02,06,12,14,21,24,26,28,30,32,33-1,2,3,4,5
hqdm_0_0_hqdm_0_1_0_01,05,07,10,13,15,22,23,26,27,29,32-1,2,3,4,5
hqdm_0_0_hqdm_0_1_0_06,11,15,17,18,20,21,23,25,26,28,30-1,2,3,4,5
hqdm_0_0_hqdm_0_1_0_04,05,06,11,15,19,20,21,22,24,27,29-1,2,3,4,5
hqdm_0_0_hqdm_0_1_0_02,05,06,07,08,16,23,24,25,27,28,29-1,2,3,4,5
hqdm_0_0_hqdm_0_1_0_01,06,12,15,17,19,20,21,22,26,32,33-1,2,3,4,5
hqdm_0_0_hqdm_0_1_0_01,03,07,12,16,17,18,20,22,25,26,33-1,2,3,4,5
hqdm_0_0_hqdm_0_1_0_02,11,13,15,19,22,24,26,27,29,32,33-1,2,3,4,5
hqdm_0_0_hqdm_0_1_0_05,08,09,13,14,17,19,21,23,27,31,33-1,2,3,4,5
hqdm_0_0_hqdm_0_1_0_03,06,10,11,13,14,15,16,19,20,30,31-1,2,3,4,5
hqdm_0_0_hqdm_0_1_0_03,10,17,18,20,21,26,27,28,29,31,32-1,2,3,4,5
hqdm_0_0_hqdm_0_1_0_03,04,05,07,12,13,14,15,19,24,25,26-1,2,3,4,5
hqdm_0_0_hqdm_0_1_0_01,02,03,04,09,12,14,22,23,25,27,30-1,2,3,4,5
hqdm_0_0_hqdm_0_1_0_02,03,07,09,10,16,21,22,23,27,29,32-1,2,3,4,5
hqdm_0_0_hqdm_0_1_0_03,07,08,11,13,17,24,26,27,30,31,32-1,2,3,4,5
hqdm_0_0_hqdm_0_1_0_04,08,20,21,22,23,25,26,28,30,31,33-1,2,3,4,5
hqdm_0_0_hqdm_0_1_0_03,04,06,07,12,15,16,18,20,21,22,31-1,2,3,4,5
hqdm_0_0_hqdm_0_1_0_02,09,10,12,13,16,17,24,26,27,30,32-1,2,3,4,5
hqdm_0_0_hqdm_0_1_0_03,06,07,08,09,14,16,18,24,25,31,32-1,2,3,4,5
hqdm_0_0_hqdm_0_1_0_04,10,13,14,17,18,21,22,23,24,27,29-1,2,3,4,5
hqdm_0_0_hqdm_0_1_0_06,09,10,14,15,18,19,26,28,30,31,32-1,2,3,4,5
hqdm_0_0_hqdm_0_1_0_01,07,08,10,14,20,21,25,26,27,30,32-1,2,3,4,5
hqdm_0_0_hqdm_0_1_0_01,05,08,10,13,17,18,22,26,27,28,33-1,2,3,4,5
hqdm_0_0_hqdm_0_1_0_01,02,04,05,13,16,17,18,19,21,29,31-1,2,3,4,5
hqdm_0_0_hqdm_0_1_0_07,12,15,18,19,20,21,22,23,25,32,33-1,2,3,4,5
hqdm_0_0_hqdm_0_1_0_03,08,09,11,13,14,17,21,22,25,26,28-1,2,3,4,5
hqdm_0_0_hqdm_0_1_0_02,03,04,12,14,16,19,25,26,27,31,33-1,2,3,4,5
hqdm_0_0_hqdm_0_1_0_01,02,06,08,09,13,18,19,22,25,32,33-1,2,3,4,5
hqdm_0_0_hqdm_0_1_0_01,03,05,07,13,21,23,24,25,28,30,32-1,2,3,4,5
hqdm_0_0_hqdm_0_1_0_01,02,07,08,11,12,16,17,21,25,27,30-1,2,3,4,5
hqdm_0_0_hqdm_0_1_0_01,03,05,08,09,11,13,14,18,24,25,30-1,2,3,4,5
hqdm_0_0_hqdm_0_1_0_02,05,08,09,15,17,22,24,25,26,30,31-1,2,3,4,5
hqdm_0_0_hqdm_0_1_0_07,12,15,17,19,24,26,27,28,29,31,33-1,2,3,4,5
hqdm_0_0_hqdm_0_1_0_04,07,08,09,12,15,17,18,22,26,28,33-1,2,3,4,5
hqdm_0_0_hqdm_0_1_0_04,06,08,13,14,15,19,20,24,26,28,32-1,2,3,4,5
hqdm_0_0_hqdm_0_1_0_08,09,12,14,16,18,20,22,23,26,27,29-1,2,3,4,5
hqdm_0_0_hqdm_0_1_0_07,09,10,11,15,18,19,21,24,28,30,31-1,2,3,4,5
hqdm_0_0_hqdm_0_1_0_04,06,10,13,14,15,19,25,26,28,29,33-1,2,3,4,5
hqdm_0_0_hqdm_0_1_0_01,07,12,13,14,18,24,25,27,29,30,33-1,2,3,4,5
hqdm_0_0_hqdm_0_1_0_01,04,06,08,11,13,20,22,25,29,31,32-1,2,3,4,5
hqdm_0_0_hqdm_0_1_0_02,03,06,07,12,13,15,20,23,24,25,28-1,2,3,4,5
hqdm_0_0_hqdm_0_1_0_01,02,03,05,06,09,16,22,23,28,32,33-1,2,3,4,5
hqdm_0_0_hqdm_0_1_0_02,04,06,07,09,10,18,20,22,24,25,33-1,2,3,4,5
hqdm_0_0_hqdm_0_1_0_04,09,10,15,20,23,24,25,26,27,29,33-1,2,3,4,5
hqdm_0_0_hqdm_0_1_0_04,05,06,09,11,12,15,17,21,29,31,32-1,2,3,4,5
hqdm_0_0_hqdm_0_1_0_01,05,06,07,17,20,21,23,24,25,27,31-1,2,3,4,5
hqdm_0_0_hqdm_0_1_0_06,07,08,09,10,11,13,14,20,24,25,27-1,2,3,4,5
hqdm_0_0_hqdm_0_1_0_02,03,06,07,12,16,17,19,23,25,30,32-1,2,3,4,5
hqdm_0_0_hqdm_0_1_0_02,07,08,11,12,19,20,23,27,28,29,32-1,2,3,4,5
hqdm_0_0_hqdm_0_1_0_05,07,10,11,13,15,18,21,27,29,30,33-1,2,3,4,5
hqdm_0_0_hqdm_0_1_0_01,04,10,13,16,17,19,20,21,23,24,26-1,2,3,4,5
hqdm_0_0_hqdm_0_1_0_01,04,06,08,09,12,16,20,24,31,32,33-1,2,3,4,5
hqdm_0_0_hqdm_0_1_0_06,07,08,12,16,20,21,23,25,29,30,31-1,2,3,4,5
hqdm_0_0_hqdm_0_1_0_01,02,07,09,18,19,22,23,24,25,29,30-1,2,3,4,5
hqdm_0_0_hqdm_0_1_0_02,05,11,14,15,16,19,23,27,28,30,33-1,2,3,4,5
hqdm_0_0_hqdm_0_1_0_04,06,07,09,13,16,21,22,25,26,29,31-1,2,3,4,5
hqdm_0_0_hqdm_0_1_0_01,02,04,05,06,09,12,22,24,26,28,30-1,2,3,4,5
hqdm_0_0_hqdm_0_1_0_02,03,04,05,07,08,10,20,22,25,27,32-1,2,3,4,5
hqdm_0_0_hqdm_0_1_0_02,03,04,06,12,14,19,24,26,29,31,32-1,2,3,4,5
hqdm_0_0_hqdm_0_1_0_02,08,11,12,13,15,17,20,24,25,27,28-1,2,3,4,5
hqdm_0_0_hqdm_0_1_0_02,04,07,09,12,14,15,20,23,27,30,33-1,2,3,4,5
hqdm_0_0_hqdm_0_1_0_01,02,06,09,11,12,14,15,16,21,28,30-1,2,3,4,5
hqdm_0_0_hqdm_0_1_0_01,02,05,08,09,11,15,20,24,27,32,33-1,2,3,4,5
hqdm_0_0_hqdm_0_1_0_03,04,09,10,14,21,22,26,27,28,30,33-1,2,3,4,5
hqdm_0_0_hqdm_0_1_0_03,04,05,10,12,13,14,18,20,27,28,33-1,2,3,4,5
hqdm_0_0_hqdm_0_1_0_03,06,09,10,15,18,19,21,22,25,30,32-1,2,3,4,5
hqdm_0_0_hqdm_0_1_0_02,03,06,09,10,12,13,14,24,25,26,33-1,2,3,4,5
hqdm_0_0_hqdm_0_1_0_02,03,07,09,11,12,13,16,22,30,31,32-1,2,3,4,5
hqdm_0_0_hqdm_0_1_0_05,07,08,09,10,16,18,21,25,29,32,33-1,2,3,4,5